8 0.171076 0.535719 0.139660 0.525438 0.110528 0.517726 0.094820 0.511086 0.078541 0.499091 0.064832 0.483668 0.059120 0.469531 0.056835 0.457750 0.060548 0.438257 0.068830 0.426262 0.088251 0.412982 0.104816 0.405484 0.135947 0.400344 0.157938 0.399701 0.172790 0.399487 0.196780 0.405699 0.240477 0.430118 0.263897 0.447896 0.293314 0.471459 0.317876 0.489452 0.321017 0.495449 0.323588 0.505303 0.323302 0.513442 0.320446 0.526723 0.311307 0.536790 0.298169 0.544502 0.285603 0.551142 0.251045 0.550071 0.220200 0.549428 0.191925 0.541289
0 0.234622 0.381962 0.209907 0.379903 0.205330 0.377500 0.192058 0.377156 0.187024 0.378186 0.175582 0.371321 0.159563 0.368232 0.151783 0.355531 0.147664 0.336996 0.149494 0.319833 0.157275 0.302327 0.179243 0.288940 0.204415 0.282761 0.230502 0.273837 0.252013 0.272464 0.273524 0.274523 0.290458 0.278986 0.308765 0.289626 0.323410 0.297865 0.343548 0.315027 0.360024 0.333906 0.366431 0.342831 0.374212 0.355875 0.377416 0.361367 0.373754 0.378529 0.360939 0.383335 0.340344 0.388141 0.331648 0.390543 0.325698 0.390887 0.315172 0.400841 0.307849 0.417661 0.299611 0.421780 0.293204 0.421436 0.289085 0.424869 0.283135 0.422809 0.271235 0.413198 0.257048 0.406333 0.248352 0.396035
3 0.453199 0.490974 0.434953 0.507591 0.425493 0.508858 0.399004 0.506160 0.370225 0.501990 0.361396 0.488501 0.354826 0.472638 0.354499 0.457922 0.353518 0.443941 0.347959 0.425791 0.355153 0.414264 0.365618 0.406415 0.363002 0.396849 0.348286 0.387529 0.364456 0.382790 0.371155 0.384353 0.395054 0.372317 0.403390 0.368856 0.417978 0.367963 0.426313 0.373322 0.429886 0.380578 0.440901 0.386495 0.445813 0.387500 0.447004 0.393194 0.446855 0.398552 0.444622 0.402348 0.438817 0.407818 0.435244 0.410163 0.435691 0.419652 0.437328 0.425122 0.434947 0.430258 0.439263 0.436733 0.439859 0.445329 0.437775 0.450353 0.438221 0.455712 0.439263 0.458503 0.441645 0.461628 0.437626 0.467099 0.445962 0.472458 0.449088 0.480384
18 0.318199 0.667398 0.310278 0.671290 0.303176 0.670675 0.280233 0.676616 0.274771 0.680098 0.255378 0.675387 0.244999 0.676001 0.234347 0.673134 0.228611 0.671700 0.215501 0.674772 0.206215 0.666578 0.192012 0.658794 0.175624 0.648757 0.176170 0.640563 0.176170 0.629501 0.177263 0.621512 0.187095 0.610040 0.189827 0.603690 0.186276 0.588531 0.188734 0.582590 0.198294 0.577469 0.206215 0.578493 0.205395 0.584024 0.202937 0.590989 0.207307 0.601232 0.209765 0.606148 0.213589 0.597544 0.213316 0.593857 0.217413 0.588736 0.223422 0.582181 0.240629 0.580337 0.246638 0.580747 0.260841 0.582590 0.271220 0.581566 0.277775 0.577059 0.309185 0.576445 0.329397 0.580542 0.336498 0.587097 0.333767 0.602051 0.334313 0.606967 0.337045 0.612089 0.334313 0.614956 0.327212 0.619668 0.326939 0.624584 0.325300 0.632164 0.321476 0.640358 0.319291 0.644864 0.324754 0.655926 0.321476 0.659614
14 0.588284 0.722610 0.593462 0.727390 0.594259 0.742326 0.594259 0.768912 0.593462 0.790121 0.587886 0.797589 0.577132 0.800875 0.551641 0.799979 0.500659 0.797888 0.486719 0.800875 0.467202 0.808343 0.456846 0.799979 0.452465 0.794602 0.441711 0.794602 0.429364 0.790420 0.423788 0.781458 0.424584 0.730974 0.424584 0.719922 0.428169 0.714246 0.443703 0.712155 0.514201 0.716038 0.549268 0.717313 0.575937 0.719025
5 0.319678 0.292214 0.315285 0.290072 0.307376 0.285129 0.305398 0.273925 0.308035 0.273101 0.304716 0.243202 0.303398 0.223594 0.302299 0.197066 0.305156 0.193441 0.313284 0.187839 0.325367 0.184708 0.335913 0.186191 0.345579 0.187180 0.373261 0.186685 0.395011 0.186521 0.419616 0.186026 0.424230 0.186685 0.426427 0.190146 0.426866 0.202339 0.428624 0.242707 0.429722 0.267917 0.430381 0.274343 0.429503 0.277804 0.428624 0.279287 0.428624 0.284724 0.423131 0.288843 0.413904 0.291809 0.404677 0.291809 0.371943 0.292303 0.337011 0.292468
9 0.448315 0.387912 0.446070 0.386841 0.439537 0.357596 0.433675 0.325912 0.430613 0.316616 0.432217 0.306117 0.425801 0.290150 0.429009 0.286540 0.429738 0.282166 0.429630 0.278869 0.432020 0.276977 0.431692 0.273292 0.434811 0.267866 0.438462 0.264580 0.447223 0.264332 0.452599 0.264630 0.460365 0.267219 0.463750 0.268862 0.464148 0.270156 0.470056 0.270654 0.473242 0.272695 0.475432 0.273441 0.486052 0.271699 0.492224 0.270455 0.515441 0.270014 0.553648 0.268670 0.586835 0.267176 0.617840 0.264332 0.637089 0.261771 0.645717 0.257362 0.658518 0.248473 0.659750 0.248758 0.660414 0.256509 0.660604 0.277346 0.662500 0.292351 0.665494 0.311887 0.666577 0.319201 0.666848 0.326719 0.666306 0.331799 0.667661 0.334643 0.673621 0.339316 0.683916 0.345107 0.692856 0.347545 0.700441 0.349984 0.707214 0.353438 0.708298 0.354657 0.705182 0.356587 0.692585 0.357908 0.675111 0.359330 0.651677 0.362073 0.635829 0.365222 0.602236 0.364816 0.570539 0.365832 0.535050 0.367153 0.514190 0.367254 0.506469 0.365324 0.507011 0.357298 0.494142 0.356892 0.486421 0.359025 0.472063 0.363902 0.465155 0.366746 0.453099 0.378531 0.449306 0.383001
12 0.725036 0.354458 0.716648 0.350722 0.705377 0.339713 0.700134 0.326935 0.699086 0.315532 0.703542 0.305113 0.710881 0.295283 0.724774 0.287223 0.745744 0.280735 0.767762 0.279163 0.782966 0.280735 0.795285 0.283488 0.806295 0.288009 0.817304 0.295087 0.839322 0.306096 0.855050 0.319464 0.857147 0.325165 0.855574 0.329884 0.837750 0.337551 0.812848 0.353868 0.806819 0.348560 0.801576 0.343055 0.786111 0.345808 0.749676 0.351509 0.728968 0.355048
1 0.555193 0.416726 0.559605 0.416285 0.555928 0.406026 0.561517 0.402497 0.568724 0.400842 0.579460 0.401724 0.585637 0.402386 0.589608 0.404703 0.595343 0.409225 0.599461 0.420476 0.602844 0.420366 0.609168 0.422792 0.617257 0.428749 0.620934 0.434154 0.625052 0.438235 0.630935 0.443199 0.631229 0.447169 0.636229 0.452354 0.640347 0.454449 0.636965 0.461178 0.634611 0.463163 0.631670 0.464597 0.630346 0.466803 0.632552 0.467134 0.632994 0.470995 0.625346 0.474414 0.619169 0.479378 0.606080 0.483018 0.599903 0.481694 0.591520 0.481915 0.583725 0.479378 0.582548 0.477503 0.574165 0.477613 0.549310 0.471877 0.542545 0.468899 0.540633 0.462722 0.525926 0.462502 0.526808 0.458972 0.524014 0.454891 0.520190 0.454891 0.510925 0.449817 0.508866 0.444963 0.508572 0.441213 0.503865 0.438786 0.504159 0.432168 0.505483 0.428859 0.503424 0.424447 0.511513 0.422462 0.509748 0.420035 0.517984 0.413968 0.519749 0.412093 0.531662 0.411431 0.536956 0.411431 0.542839 0.411321 0.544163 0.412314 0.544310 0.414078 0.551222 0.413858 0.551663 0.415512 0.552840 0.416946
15 0.500996 0.469684 0.503784 0.477566 0.507859 0.484643 0.514079 0.487538 0.520513 0.491077 0.535311 0.490916 0.537027 0.492364 0.536807 0.495837 0.544274 0.498932 0.531573 0.504210 0.523516 0.505075 0.527297 0.509661 0.515424 0.512777 0.511144 0.523432 0.505929 0.512148 0.503999 0.502337 0.501425 0.492042 0.498637 0.481587 0.496492 0.477566
4 0.519630 0.455221 0.511745 0.452236 0.504837 0.457023 0.499806 0.463950 0.497478 0.467667 0.496652 0.475946 0.500932 0.468962 0.503711 0.475214 0.508216 0.484281 0.520456 0.490532 0.536150 0.490307 0.546062 0.488279 0.554472 0.485351 0.558978 0.484394 0.559053 0.487716 0.564760 0.493179 0.572569 0.498529 0.576249 0.501683 0.584058 0.501176 0.602337 0.498900 0.607272 0.498980 0.607057 0.500509 0.602659 0.507106 0.596867 0.515312 0.604697 0.525369 0.613761 0.534246 0.626765 0.534984 0.635548 0.533308 0.652155 0.533188 0.657265 0.533188 0.666355 0.525155 0.667472 0.521922 0.670826 0.517491 0.673381 0.513419 0.674977 0.509706 0.672103 0.506353 0.661724 0.500245 0.670826 0.499886 0.688710 0.497371 0.691744 0.492221 0.697014 0.482880 0.688710 0.483838 0.683441 0.482041 0.672582 0.475933 0.670187 0.474975 0.666514 0.479047 0.663480 0.482760 0.658530 0.482161 0.660287 0.476412 0.651823 0.481562 0.645915 0.480724 0.646554 0.475335 0.654698 0.471263 0.662203 0.471143 0.665716 0.468269 0.669708 0.466352 0.672422 0.467909 0.671305 0.470185 0.677373 0.470065 0.677852 0.468388 0.682962 0.465873 0.683281 0.464915 0.680247 0.463239 0.684718 0.458807 0.688550 0.456652 0.688710 0.453298 0.688391 0.451262 0.682482 0.444196 0.687752 0.442160 0.689828 0.439526 0.691105 0.434616 0.688870 0.430783 0.685836 0.429106 0.681684 0.427310 0.683600 0.425633 0.681844 0.423717 0.678011 0.424076 0.672742 0.424556 0.669548 0.419645 0.673221 0.413537 0.680566 0.404795 0.686315 0.399046 0.687752 0.398926 0.685836 0.395573 0.680087 0.393298 0.669708 0.391980 0.654378 0.391980 0.641604 0.391741 0.629628 0.400603 0.621803 0.405992 0.628031 0.421801 0.634258 0.430544 0.622123 0.433298 0.631703 0.442640 0.632183 0.446472 0.634621 0.449595 0.636832 0.451990 0.640394 0.453648 0.640885 0.454478 0.637993 0.461636 0.632956 0.464952 0.632097 0.466426 0.634062 0.471124 0.637256 0.474072 0.634799 0.479416 0.634922 0.483101 0.636887 0.483930 0.637993 0.485404 0.634922 0.487154 0.629640 0.488260 0.626938 0.488167 0.628534 0.482916 0.627797 0.476836 0.626692 0.476283 0.623130 0.478587 0.618094 0.480060 0.605688 0.483930 0.599914 0.482271 0.591562 0.482640 0.582964 0.479968 0.581612 0.477942 0.572891 0.478126 0.549062 0.472322 0.541815 0.469374 0.540095 0.463202 0.524495 0.463017 0.525994 0.459289 0.523534 0.455389
15 0.627181 0.487929 0.628905 0.483312 0.628265 0.476590 0.626935 0.476036 0.623439 0.477883 0.620878 0.478695 0.625753 0.474744 0.633244 0.471424 0.634475 0.471867 0.636839 0.474046 0.634475 0.479217 0.634524 0.483132 0.636543 0.483945 0.637528 0.485200 0.634918 0.486973 0.629698 0.488044
15 0.639129 0.383092 0.637179 0.380784 0.639949 0.376860 0.643437 0.374860 0.646207 0.376245 0.647951 0.378476 0.645181 0.381477 0.642719 0.382785
15 0.617157 0.426750 0.617063 0.425419 0.618698 0.422372 0.620565 0.422302 0.623554 0.423248 0.627289 0.424859 0.629671 0.426189 0.631305 0.427310 0.633733 0.430357 0.626355 0.431793 0.621359 0.429621
1 0.666856 0.525533 0.668415 0.528950 0.665657 0.531648 0.670693 0.532997 0.672972 0.536325 0.676089 0.537674 0.680886 0.538753 0.685562 0.540192 0.688800 0.540012 0.692037 0.538753 0.698992 0.539203 0.704712 0.533930 0.707950 0.528444 0.709988 0.521789 0.710108 0.516303 0.707470 0.510638 0.704592 0.506591 0.697997 0.504972 0.692481 0.503983 0.688764 0.498227 0.673416 0.500655 0.663103 0.500475 0.672629 0.506196 0.675683 0.509616 0.674941 0.511531 0.673740 0.514355 0.671393 0.517425 0.668228 0.522051
1 0.605849 0.501091 0.599202 0.510472 0.595878 0.510209 0.591942 0.509029 0.585908 0.506274 0.584596 0.503256 0.589931 0.503912 0.593954 0.505093 0.600076 0.503650 0.601826 0.502207 0.603925 0.499911 0.606111 0.499648
1 0.690031 0.398902 0.697578 0.393360 0.706225 0.388526 0.721318 0.385106 0.750246 0.382394 0.756692 0.381687 0.759522 0.385106 0.761880 0.387583 0.764710 0.386050 0.768326 0.385932 0.772099 0.389351 0.772728 0.392771 0.772728 0.395247 0.779960 0.394068 0.779646 0.401378 0.779174 0.403383 0.786406 0.408453 0.787664 0.408807 0.787978 0.415410 0.786563 0.422839 0.784834 0.424608 0.781690 0.423900 0.773986 0.424843 0.770056 0.421778 0.767855 0.422013 0.764867 0.424843 0.761723 0.424018 0.760151 0.426730 0.762037 0.429914 0.763138 0.434984 0.773043 0.444299 0.781375 0.447011 0.779331 0.443474 0.775401 0.438875 0.780432 0.438639 0.783734 0.440290 0.788450 0.443120 0.788293 0.450431 0.790808 0.453143 0.792538 0.456090 0.789865 0.460453 0.783891 0.463283 0.776187 0.465995 0.768641 0.466113 0.765025 0.463165 0.762195 0.461397 0.757164 0.462694 0.749146 0.459746 0.747259 0.458920 0.741127 0.459392 0.735310 0.458331 0.729650 0.460100 0.713143 0.462812 0.708112 0.463047 0.705753 0.460217 0.699622 0.456916 0.688774 0.457388 0.689521 0.456153 0.689242 0.451548 0.683202 0.444305 0.688319 0.442560 0.690551 0.439421 0.691854 0.434816 0.689528 0.430002 0.683667 0.427071 0.684319 0.425397 0.682272 0.422745 0.673062 0.424071 0.670364 0.419466 0.674364 0.412698 0.686272 0.399790
15 0.663147 0.482611 0.659046 0.481828 0.660592 0.476039 0.651809 0.481345 0.646161 0.480518 0.646867 0.475521 0.654853 0.471451 0.662398 0.471417 0.665928 0.468505 0.669810 0.466685 0.672061 0.467844 0.670957 0.470259 0.677620 0.470292 0.678011 0.468428 0.683292 0.465984 0.683579 0.465032 0.680720 0.463233 0.684614 0.459145 0.688057 0.457577 0.699328 0.457116 0.705516 0.460436 0.707771 0.463233 0.713116 0.463222 0.730443 0.460600 0.735260 0.458794 0.740000 0.459842 0.744273 0.460542 0.747148 0.459493 0.748158 0.462523 0.749945 0.463805 0.750411 0.465437 0.746526 0.466252 0.746526 0.468467 0.753659 0.471600 0.752027 0.474514 0.751483 0.476262 0.749230 0.477952 0.749929 0.479991 0.750318 0.481565 0.741694 0.481856 0.738120 0.481740 0.735633 0.479933 0.737809 0.479409 0.731515 0.477894 0.724212 0.477194 0.719395 0.476961 0.716753 0.476961 0.715044 0.478535 0.714500 0.479583 0.710226 0.479933 0.708129 0.481740 0.704011 0.483313 0.699427 0.482730 0.696940 0.482439 0.689481 0.483429 0.687150 0.483138 0.684043 0.482031 0.679381 0.479117 0.670368 0.474455 0.667964 0.477065
15 0.754754 0.497879 0.751348 0.497223 0.750191 0.495221 0.756330 0.490684 0.762202 0.486213 0.767273 0.485212 0.769052 0.486280 0.770209 0.488682 0.765671 0.491952
10 0.580530 0.596843 0.584829 0.602796 0.589789 0.605648 0.580034 0.602051 0.571766 0.601183 0.554070 0.597845 0.542992 0.598217 0.538527 0.595613 0.536047 0.593628 0.528276 0.591768 0.525300 0.586684 0.520836 0.570315 0.520836 0.567587 0.527780 0.562006 0.524969 0.552086 0.526623 0.544149 0.536047 0.529640 0.541834 0.528152 0.547787 0.530136 0.557707 0.531500 0.563164 0.533360 0.571100 0.534476 0.580029 0.535469 0.588131 0.534228 0.601854 0.535965 0.608964 0.536833 0.613594 0.535096 0.627317 0.535717 0.635585 0.534104 0.656914 0.533732 0.664355 0.533360 0.669150 0.535345 0.668819 0.535965 0.675929 0.537825 0.684031 0.541049 0.690810 0.540677 0.697424 0.541793 0.702549 0.543777 0.703872 0.545761 0.707344 0.546753 0.707840 0.549605 0.705195 0.551466 0.709328 0.555558 0.708667 0.558534 0.705691 0.560022 0.697589 0.561634 0.695439 0.563370 0.694613 0.567339 0.682212 0.570191 0.680228 0.567215 0.682708 0.566223 0.684031 0.563122 0.680228 0.561138 0.669976 0.559526 0.664520 0.561014 0.664520 0.563618 0.670638 0.565851 0.670307 0.568827 0.673118 0.571803 0.674036 0.573488 0.671630 0.577631 0.662867 0.577879 0.659394 0.581352 0.652450 0.584328 0.644183 0.588172 0.640876 0.589908 0.641702 0.595241 0.642694 0.597845 0.635915 0.602433 0.630128 0.599333 0.624011 0.596357 0.619712 0.593380 0.608468 0.590900 0.599540 0.587800 0.595737 0.587304 0.595406 0.591148 0.591934 0.589908 0.588792 0.592140 0.588792 0.597845 0.586312 0.595117
10 0.717231 0.555961 0.714989 0.560394 0.716823 0.568649 0.722734 0.570483 0.726810 0.572929 0.732517 0.576445 0.731906 0.581489 0.739447 0.583935 0.747192 0.581489 0.761663 0.577362 0.764313 0.573693 0.763293 0.570177 0.761867 0.567884 0.755752 0.571859 0.750045 0.568037 0.744746 0.563145 0.738428 0.557490 0.749842 0.554279 0.758810 0.551834 0.761867 0.549235 0.769204 0.550305 0.776542 0.552904 0.782656 0.557490 0.782860 0.559630 0.792643 0.560088 0.804872 0.557948 0.804382 0.556663 0.807109 0.557076 0.814765 0.555913 0.816936 0.550918 0.809967 0.544649 0.796312 0.538229 0.799369 0.528446 0.799980 0.523401 0.800592 0.518357 0.783675 0.510561 0.777561 0.514077 0.776542 0.517440 0.770835 0.517898 0.769000 0.515605 0.765128 0.515911 0.755956 0.521720 0.750657 0.524624 0.747192 0.522484 0.744542 0.522484 0.743931 0.524471 0.739651 0.523248 0.736390 0.519733 0.735167 0.517440 0.720900 0.507809 0.719269 0.511937 0.718454 0.515605 0.715193 0.518357 0.711524 0.523096 0.710152 0.525694 0.707642 0.531006 0.704747 0.534534 0.701129 0.538242 0.701853 0.540323 0.706798 0.541227 0.711984 0.541137 0.716687 0.542584 0.718858 0.544574 0.718375 0.550453 0.718375 0.554795
15 0.601645 0.653315 0.596080 0.652776 0.593207 0.653988 0.586026 0.660047 0.581718 0.663817 0.570524 0.662709 0.560471 0.652072 0.560830 0.646686 0.553110 0.642916 0.558137 0.633088 0.550597 0.626759 0.539107 0.617604 0.535158 0.607910 0.546288 0.607506 0.544314 0.601985 0.553110 0.599292 0.558675 0.603197 0.563163 0.601312 0.567472 0.601581 0.570344 0.604409 0.574653 0.602389 0.585783 0.605082 0.589194 0.606159 0.590630 0.605621 0.588693 0.604481 0.585123 0.602640 0.580990 0.596946 0.586271 0.595384 0.588763 0.598173 0.589172 0.597225 0.589061 0.592315 0.592111 0.590139 0.595532 0.591423 0.595979 0.587462 0.599512 0.587964 0.608327 0.591172 0.619559 0.593570 0.623315 0.596444 0.635771 0.602639 0.636381 0.602430 0.643300 0.597859 0.641987 0.594854 0.641158 0.590034 0.659883 0.581690 0.662793 0.578367 0.672501 0.578204 0.673803 0.579139 0.674671 0.579994 0.677255 0.580673 0.676767 0.582544 0.674326 0.584415 0.673296 0.585798 0.674977 0.587141 0.679479 0.587141 0.680835 0.585473 0.685228 0.584578 0.689020 0.582785 0.693668 0.582702 0.696878 0.584362 0.700208 0.587086 0.702754 0.585841 0.711167 0.584928 0.706850 0.582686 0.707514 0.580943 0.703750 0.579116 0.701205 0.575796 0.700319 0.572226 0.700762 0.568906 0.705300 0.568656 0.709174 0.573803 0.712163 0.577124 0.714155 0.579698 0.717033 0.580030 0.724892 0.578203 0.730094 0.575630 0.732086 0.576626 0.731312 0.581690 0.738174 0.584346 0.741515 0.583858 0.750634 0.580797 0.762267 0.577406 0.764836 0.573778 0.763346 0.568623 0.763274 0.565654 0.765290 0.565223 0.761475 0.563873 0.756869 0.561714 0.760539 0.559555 0.754422 0.558151 0.753414 0.555560 0.752838 0.554211 0.759172 0.552429 0.762051 0.549514 0.769104 0.550702 0.776589 0.553563 0.778893 0.554858 0.779396 0.555776 0.778101 0.556154 0.776230 0.558637 0.777957 0.559663 0.779396 0.559933 0.780260 0.559015 0.780116 0.556046 0.782203 0.557665 0.782655 0.559741 0.786014 0.559942 0.792719 0.560338 0.800746 0.558987 0.804955 0.558388 0.806398 0.559625 0.803760 0.560398 0.802935 0.560892 0.802602 0.562423 0.804772 0.563250 0.807973 0.565037 0.809858 0.565837 0.810721 0.567919 0.809654 0.569226 0.807698 0.570933 0.806275 0.572427 0.808978 0.574828 0.811041 0.576509 0.811290 0.579737 0.808942 0.582351 0.807520 0.585045 0.807449 0.586379 0.808231 0.588193 0.807342 0.589447 0.809440 0.589927 0.811254 0.590754 0.812108 0.592915 0.811503 0.594756 0.809440 0.598117 0.806417 0.598490 0.802576 0.599851 0.802647 0.601612 0.804070 0.603372 0.806879 0.604813 0.807128 0.607534 0.805955 0.608281 0.805208 0.610255 0.805492 0.613616 0.810828 0.616204 0.812997 0.617031 0.814491 0.618311 0.813815 0.620872 0.814346 0.623843 0.817916 0.623035 0.815491 0.627429 0.813538 0.628136 0.814750 0.631369 0.817781 0.629450 0.822324 0.631475 0.823433 0.636136 0.821991 0.637634 0.814999 0.639881 0.808452 0.641795 0.802348 0.642045 0.800572 0.640047 0.797465 0.640880 0.793137 0.640131 0.791805 0.639049 0.791916 0.642211 0.790252 0.645790 0.784925 0.646456 0.781818 0.645041 0.780708 0.642128 0.773717 0.642211 0.773495 0.646040 0.775714 0.647455 0.782040 0.653947 0.783371 0.655445 0.771164 0.655778 0.766059 0.649369 0.762730 0.650035 0.754407 0.651866 0.746861 0.651700 0.744863 0.653947 0.738205 0.655029 0.735763 0.656527 0.735319 0.658691 0.734764 0.661687 0.726774 0.662853 0.720893 0.661022 0.712902 0.658608 0.706466 0.658025 0.688488 0.658774 0.676725 0.659607 0.662076 0.660522 0.647553 0.660362 0.618791 0.655052