2 0.385279 0.601277 0.382045 0.604533 0.376464 0.606393 0.351661 0.603370 0.341120 0.606160 0.338019 0.613369 0.319417 0.623135 0.303840 0.618532 0.281207 0.618300 0.249893 0.613184 0.244933 0.614812 0.238422 0.614812 0.222920 0.605976 0.219819 0.599232 0.221680 0.596442 0.219509 0.586908 0.222300 0.577840 0.230361 0.580397 0.239662 0.583188 0.243072 0.583420 0.254234 0.580862 0.250513 0.573421 0.263225 0.576444 0.285238 0.573886 0.304461 0.570166 0.327094 0.571329 0.344146 0.572956 0.373910 0.579932 0.383211 0.587373
9 0.346323 0.446207 0.366465 0.440570 0.363459 0.451618 0.354440 0.475969 0.346925 0.509564 0.342115 0.522642 0.344520 0.527828 0.353839 0.532562 0.375184 0.535944 0.395025 0.541581 0.382399 0.552404 0.368570 0.558943 0.358649 0.560746 0.345422 0.562099 0.298524 0.558717 0.272369 0.555786 0.222765 0.554208 0.164744 0.554208 0.144001 0.553982 0.143700 0.562325 0.134681 0.563001 0.131374 0.551727 0.131074 0.540679 0.127166 0.527602 0.129571 0.517907 0.128669 0.498516 0.129571 0.481606 0.137086 0.460412 0.124460 0.447109 0.121454 0.441021 0.129270 0.434933 0.139191 0.427944 0.145805 0.425464 0.157529 0.434483 0.163241 0.440119 0.168352 0.443727 0.187291 0.451393 0.198715 0.455902 0.213145 0.451618 0.284695 0.451393 0.310849 0.450491 0.320770 0.448011
12 0.187962 0.363872 0.157924 0.361619 0.142384 0.358438 0.138779 0.353932 0.141483 0.325545 0.144186 0.306170 0.156502 0.292653 0.178430 0.282289 0.206066 0.277783 0.227393 0.280712 0.245717 0.284993 0.264341 0.294680 0.274254 0.303016 0.283566 0.313154 0.286269 0.325770 0.281764 0.342217 0.273653 0.349201 0.261337 0.357987 0.240610 0.363844 0.217781 0.366548
14 0.449678 0.387464 0.446058 0.389923 0.432875 0.393751 0.420754 0.390561 0.415712 0.400455 0.409333 0.405718 0.398063 0.408748 0.385517 0.407791 0.356173 0.399977 0.310880 0.388813 0.287703 0.382753 0.284300 0.379723 0.283875 0.375736 0.303438 0.343361 0.324915 0.302375 0.332995 0.291690 0.338949 0.288819 0.350006 0.287543 0.368081 0.290892 0.406781 0.300939 0.414436 0.303332 0.414862 0.305564 0.426131 0.308116 0.431235 0.311146 0.439315 0.310668 0.459729 0.314655 0.469510 0.316728 0.471424 0.320396 0.471424 0.326935 0.470361 0.329008 0.470786 0.332198 0.465895 0.348783 0.462280 0.352930 0.457602 0.355641 0.451648 0.371111
5 0.462918 0.354844 0.460367 0.371589 0.458028 0.393279 0.460792 0.400615 0.466958 0.404761 0.483119 0.408589 0.517142 0.410821 0.557118 0.415606 0.594117 0.419593 0.608577 0.420390 0.620485 0.418317 0.626864 0.412735 0.630479 0.379244 0.625376 0.373343 0.628565 0.350378 0.620697 0.346710 0.602410 0.343361 0.564560 0.338098 0.497366 0.331241 0.475889 0.328529 0.471637 0.328529 0.471637 0.330762 0.471584 0.332685 0.470836 0.335489 0.466776 0.347828 0.466242 0.349270 0.463037 0.353036
3 0.629008 0.338495 0.627389 0.343258 0.628023 0.349677 0.628925 0.350314 0.628350 0.353213 0.626550 0.368254 0.625690 0.373247 0.631037 0.379118 0.631631 0.383633 0.636572 0.387982 0.645592 0.400706 0.665187 0.410888 0.686554 0.414606 0.706858 0.412127 0.726335 0.410622 0.737313 0.411065 0.759388 0.420007 0.767061 0.423194 0.775088 0.427620 0.782407 0.428860 0.790198 0.428240 0.796808 0.425230 0.815932 0.424876 0.824195 0.422574 0.823959 0.411684 0.819591 0.397165 0.817466 0.384062 0.818293 0.380255 0.814161 0.365469 0.813335 0.356616 0.810029 0.356262 0.794802 0.363787 0.785948 0.367683 0.780282 0.364496 0.774734 0.363876 0.768832 0.360246 0.754194 0.350419 0.749708 0.346966 0.746757 0.346612 0.746285 0.353960 0.749354 0.356793 0.750298 0.362017 0.749118 0.368125 0.746049 0.368214 0.746639 0.364496 0.744986 0.361662 0.740501 0.360157 0.735779 0.360866 0.734126 0.359892 0.726453 0.357324 0.713232 0.353517 0.710871 0.352455 0.706621 0.351658 0.706503 0.350419 0.710281 0.345992 0.711107 0.339440 0.708392 0.337847 0.686318 0.336873 0.654681 0.335810
8 0.666887 0.315848 0.659275 0.328515 0.649522 0.334759 0.628114 0.337792 0.625973 0.343501 0.619788 0.344036 0.605278 0.343322 0.593253 0.341109 0.570893 0.337362 0.549485 0.335043 0.532833 0.323268 0.522843 0.313099 0.521891 0.287231 0.522843 0.269925 0.527362 0.232104 0.529503 0.186611 0.532596 0.154676 0.577078 0.152892 0.675319 0.150395 0.718612 0.149146 0.720039 0.153428 0.724083 0.166986 0.726461 0.188395 0.718374 0.209982 0.705529 0.234958 0.689353 0.269747 0.674605 0.298470
0 0.521560 0.272288 0.509543 0.282387 0.487503 0.299901 0.461002 0.313873 0.440537 0.310330 0.438330 0.309934 0.431283 0.310642 0.426313 0.307207 0.415880 0.305084 0.415103 0.303086 0.416213 0.301671 0.406834 0.296260 0.403394 0.297759 0.401285 0.298008 0.395735 0.296219 0.393793 0.293347 0.388965 0.291557 0.377330 0.291071 0.367416 0.289867 0.350702 0.286751 0.344848 0.285618 0.341165 0.286964 0.332006 0.284768 0.329928 0.279032 0.329834 0.275137 0.327567 0.270109 0.327379 0.264514 0.334933 0.256157 0.339843 0.252616 0.339088 0.249854 0.342770 0.247871 0.343242 0.244967 0.350136 0.241426 0.351174 0.234344 0.358728 0.228891 0.359200 0.225209 0.362694 0.223367 0.364205 0.223509 0.366660 0.222659 0.366471 0.220747 0.369210 0.219472 0.371476 0.219330 0.374687 0.216285 0.377897 0.215789 0.377897 0.212532 0.379974 0.212886 0.383846 0.212107 0.383468 0.207574 0.395366 0.202829 0.399710 0.201909 0.402543 0.199926 0.414724 0.197730 0.415290 0.195676 0.423694 0.195818 0.437292 0.199572 0.445979 0.199147 0.448528 0.201342 0.454477 0.200563 0.468736 0.196172 0.478556 0.193764 0.482522 0.187320 0.486583 0.187320 0.489604 0.188382 0.491304 0.186682 0.495836 0.186824 0.498386 0.187957 0.501880 0.187886 0.506884 0.192631 0.515194 0.201059 0.522087 0.206016 0.526997 0.208991 0.526809 0.216002 0.526242 0.234415 0.523692 0.255378
4 0.697315 0.654019 0.678299 0.652026 0.648855 0.662761 0.645992 0.665674 0.644970 0.668435 0.649059 0.679016 0.651513 0.685150 0.652535 0.687604 0.663168 0.689291 0.689340 0.693431 0.696906 0.687910 0.713263 0.673035 0.706107 0.663527
4 0.702992 0.591165 0.705827 0.574016 0.709039 0.574724 0.711874 0.570756 0.723968 0.569905 0.751748 0.568488 0.762898 0.575433 0.771213 0.583937 0.772913 0.586346 0.767811 0.600520 0.734173 0.605905 0.726803 0.606898 0.714142 0.598535
1 0.648497 0.640460 0.648215 0.636653 0.652305 0.633797 0.652305 0.631365 0.645677 0.634855 0.640883 0.635278 0.629743 0.639614 0.623257 0.648497 0.609015 0.640671 0.597593 0.634538 0.597170 0.628510 0.603093 0.618780 0.612540 0.612752 0.619591 0.605137 0.613668 0.599215 0.612540 0.591601 0.616207 0.587899 0.611835 0.584515 0.614937 0.581765 0.616771 0.574574 0.623257 0.569921 0.630448 0.569603 0.647369 0.569603 0.661329 0.570449 0.662598 0.574045 0.670354 0.576266 0.685301 0.585149 0.695594 0.590120 0.697850 0.595408 0.698837 0.598263 0.698837 0.606829 0.700812 0.608416 0.695453 0.611483 0.698978 0.613281 0.700953 0.617299 0.703068 0.622270 0.703632 0.631048 0.701517 0.638133 0.698273 0.645748 0.686570 0.649343 0.680506 0.650507 0.674866 0.648603 0.669508 0.649132 0.666264 0.649343 0.658086 0.646594 0.656958 0.644373 0.652023 0.642152 0.648779 0.641518
15 0.763743 0.509790 0.756460 0.512265 0.754298 0.510473 0.754867 0.506035 0.752022 0.502108 0.753729 0.498353 0.754184 0.493658 0.743031 0.494683 0.737910 0.489903 0.739959 0.486574 0.732220 0.486830 0.730497 0.488127 0.719572 0.487956 0.717865 0.486761 0.718093 0.483689 0.724011 0.479080 0.730384 0.476434 0.733684 0.471313 0.740512 0.471142 0.742447 0.471910 0.743926 0.471227 0.757469 0.470886 0.762362 0.471995 0.765890 0.470118 0.775791 0.471825 0.777156 0.474300 0.775563 0.477373 0.773742 0.479080 0.762931 0.478653 0.769532 0.483945 0.773856 0.486078 0.775677 0.486078 0.781595 0.488468 0.785350 0.490943 0.783985 0.492821 0.777384 0.493760 0.769190 0.495894 0.767825 0.498796 0.771125 0.503063 0.771808 0.505197 0.765207 0.505624
15 0.747098 0.514018 0.752268 0.520050 0.750791 0.520727 0.744472 0.519250 0.742091 0.518081 0.738973 0.515618 0.733638 0.517773 0.731997 0.516665 0.729617 0.511679 0.720100 0.506959 0.713862 0.503389 0.707789 0.504866 0.704014 0.507513 0.706558 0.514038 0.710251 0.516992 0.713206 0.519023 0.717391 0.518839 0.715996 0.521732 0.720264 0.523578 0.730687 0.523578 0.738566 0.522901 0.742588 0.524933 0.748086 0.527764 0.756622 0.527764 0.756704 0.526041 0.759823 0.524502 0.762531 0.523948 0.768194 0.521362 0.770984 0.520008 0.770984 0.518716 0.767866 0.516192 0.761874 0.518654 0.754816 0.512930 0.747512 0.512314
15 0.663877 0.468888 0.673524 0.466882 0.681929 0.464876 0.689571 0.466309 0.685368 0.470249 0.673142 0.474046 0.667697 0.474117 0.661680 0.472756 0.660151 0.476266 0.659005 0.480493 0.656426 0.481353 0.650504 0.478415 0.652510 0.471180 0.652224 0.466810 0.656426 0.464876 0.661298 0.466953
15 0.661725 0.546307 0.673717 0.550365 0.673278 0.552778 0.666551 0.559798 0.659970 0.556946 0.650319 0.554533 0.654706 0.550804 0.658215 0.551462 0.658800 0.546746
15 0.699016 0.549597 0.694336 0.548720 0.690095 0.550585 0.685123 0.557494 0.684831 0.559468 0.689949 0.560236 0.691996 0.565501 0.694044 0.569230 0.699601 0.569888 0.704426 0.573617 0.708785 0.574480 0.711586 0.570682 0.711788 0.568305 0.704363 0.568254 0.700314 0.563821 0.695898 0.559178 0.697394 0.556294 0.699690 0.554251
15 0.803759 0.567510 0.803980 0.569882 0.800376 0.570985 0.796332 0.566903 0.799126 0.560836 0.801626 0.559789 0.803612 0.561057 0.805965 0.562987
10 0.772517 0.584138 0.778676 0.582983 0.786914 0.581020 0.790378 0.580962 0.791071 0.582983 0.797924 0.583560 0.802081 0.584773 0.802774 0.587314 0.800926 0.589912 0.795152 0.590951 0.784681 0.595629 0.775983 0.600060 0.770208 0.603179 0.768900 0.600176 0.773750 0.586780
15 0.773668 0.624554 0.768551 0.623275 0.769038 0.620167 0.774034 0.617974 0.778421 0.613862 0.786097 0.614775 0.784270 0.618614 0.782076 0.621356 0.784879 0.624189 0.783051 0.628575 0.780370 0.633602 0.774399 0.635521 0.770744 0.633328 0.772206 0.629398
15 0.765234 0.647043 0.768386 0.649711 0.764425 0.655167 0.763732 0.656706 0.765187 0.658828 0.762600 0.661980 0.764540 0.665618 0.768986 0.665254 0.777959 0.659373 0.779979 0.655796 0.779494 0.648764 0.772381 0.643974 0.766722 0.645369
15 0.740165 0.668200 0.727483 0.670345 0.722260 0.670625 0.717784 0.666242 0.721639 0.664377 0.713184 0.658409 0.707713 0.659528 0.703858 0.658688 0.702491 0.656823 0.705350 0.654865 0.698512 0.653466 0.698015 0.651788 0.709081 0.650109 0.715795 0.650109 0.717287 0.651974 0.720395 0.649923 0.727856 0.655798 0.729099 0.652067 0.733575 0.645260 0.739792 0.646379 0.739419 0.648617 0.737678 0.653746 0.735689 0.657569 0.730964 0.659621 0.729472 0.665123 0.737554 0.662512 0.740289 0.664097
10 0.724871 0.671278 0.729099 0.670438 0.739668 0.676127 0.745387 0.679484 0.746879 0.681349 0.739792 0.681069
15 0.703747 0.627735 0.703996 0.630789 0.702916 0.634653 0.707320 0.634154 0.710312 0.633531 0.710644 0.631100
15 0.739199 0.605757 0.728562 0.607190 0.724573 0.608811 0.721415 0.610805 0.716263 0.611055 0.710695 0.613735 0.717094 0.617225 0.719254 0.618783 0.720833 0.621900 0.720750 0.624704 0.725736 0.625265 0.727315 0.626200 0.733299 0.626636 0.739532 0.626886 0.742523 0.624268 0.737371 0.621650 0.733631 0.621401 0.731720 0.619157 0.728313 0.615916 0.726568 0.614607 0.730390 0.613548 0.737205 0.609870 0.739532 0.608811
10 0.597434 0.692159 0.601735 0.689547 0.604397 0.691698 0.604397 0.696306 0.615662 0.699839 0.618529 0.702758 0.606445 0.704140 0.598458 0.700914 0.594771 0.696460 0.585350 0.693234 0.588831 0.691851
10 0.620893 0.666583 0.630162 0.675382 0.637839 0.685050 0.643777 0.681791 0.645515 0.675491 0.643777 0.669190 0.644356 0.664845 0.638563 0.662238 0.650584 0.658219 0.659854 0.655829 0.667820 0.653548 0.662171 0.651375 0.648557 0.653113 0.645515 0.644749 0.641605 0.646487 0.628569 0.644423 0.623934 0.648877 0.620314 0.648008 0.621327 0.650941 0.625962 0.653765 0.631321 0.654634 0.636970 0.655069 0.633204 0.656807 0.627266 0.656915 0.618865 0.658110 0.617851 0.660826 0.626397 0.661478
15 0.589486 0.658283 0.589341 0.660347 0.592672 0.662411 0.597017 0.665235 0.601942 0.670993 0.605852 0.673817 0.611791 0.674034 0.612804 0.671210 0.611935 0.667408 0.604838 0.661216
10 0.531446 0.611577 0.542924 0.612533 0.554019 0.617698 0.549428 0.621142 0.543051 0.628411 0.533614 0.633194 0.530043 0.627646 0.527365 0.618846 0.528002 0.611290
15 0.556117 0.641827 0.548126 0.642060 0.544287 0.639881 0.544494 0.637779 0.551136 0.637001 0.558504 0.637079 0.564107 0.638013 0.565457 0.639725 0.564938 0.641827 0.571890 0.640036 0.571994 0.637001 0.575945 0.633928 0.583624 0.633072 0.583624 0.636730 0.586218 0.638053 0.591096 0.636964 0.592445 0.638442 0.591303 0.646225 0.589747 0.650273 0.579162 0.649728 0.578124 0.647782 0.574492 0.647471 0.575945 0.652374 0.576048 0.657433 0.579369 0.659379 0.583105 0.660546 0.579888 0.662803 0.566605 0.663582 0.563388 0.661558 0.560067 0.662259 0.561105 0.665060 0.554982 0.667318 0.554567 0.668718 0.557162 0.671987 0.559030 0.678914 0.555397 0.681405 0.547926 0.683818 0.543671 0.678214 0.539520 0.665372 0.535577 0.650817 0.540350 0.650740 0.544501 0.648716 0.551869 0.649806 0.551143 0.646148 0.552388 0.644046
10 0.547729 0.537187 0.554744 0.541491 0.554956 0.546274 0.561120 0.547709 0.567710 0.547868 0.573874 0.550738 0.574512 0.540375 0.562608 0.528738 0.551555 0.529375
15 0.547677 0.535492 0.543012 0.536367 0.538240 0.533106 0.532407 0.531277 0.529226 0.536208 0.533256 0.540582 0.537285 0.544240 0.541739 0.545751 0.546723 0.544797 0.550753 0.548694 0.550859 0.551478 0.554994 0.553545 0.570925 0.553773 0.574213 0.551944 0.577394 0.552262 0.582802 0.551785 0.582590 0.547093 0.582590 0.538106 0.581529 0.535402 0.573470 0.537469 0.575167 0.540889 0.574039 0.550976 0.567739 0.548100 0.560738 0.547984 0.554511 0.546447 0.554472 0.541661 0.547395 0.537136
15 0.611913 0.545914 0.608475 0.546748 0.598263 0.550843 0.594118 0.550843 0.590175 0.548796 0.594320 0.545687 0.600184 0.541592 0.606554 0.541288 0.612520 0.541288 0.614845 0.541440 0.615250 0.545156
15 0.631408 0.521683 0.628307 0.524811 0.636005 0.527136 0.645200 0.529863 0.641137 0.533150 0.633867 0.531627 0.626597 0.529462 0.623496 0.533311 0.618792 0.534514 0.615477 0.530825 0.614988 0.520580 0.617020 0.515769 0.613064 0.513363 0.600234 0.512080 0.589649 0.509434 0.581416 0.512161 0.575750 0.511279 0.575001 0.505746 0.575215 0.504302 0.572756 0.503821 0.564203 0.503340 0.560460 0.504062 0.561637 0.505425 0.561102 0.508713 0.557467 0.510156 0.551373 0.508392 0.548593 0.508392 0.548913 0.510958 0.545599 0.512802 0.546454 0.519057 0.544316 0.521462 0.539932 0.521863 0.539291 0.519137 0.533517 0.526113 0.525499 0.523627 0.527102 0.519458 0.532876 0.513444 0.529027 0.510076 0.528813 0.507991 0.531807 0.506708 0.528385 0.504222 0.529561 0.502779 0.531593 0.502137 0.530844 0.499331 0.532983 0.495401 0.538222 0.492835 0.543140 0.491232 0.549662 0.489467 0.556718 0.489387 0.558964 0.486982 0.566020 0.489467 0.565272 0.492996 0.564630 0.496043 0.571152 0.499170 0.574146 0.500533 0.574894 0.500934 0.576070 0.497887 0.581414 0.495741 0.586017 0.495340 0.589406 0.496029 0.592162 0.497752 0.591588 0.499260 0.590612 0.502792 0.591129 0.505032 0.598538 0.505506 0.608244 0.506454 0.611174 0.504774 0.614907 0.504214 0.620306 0.506928 0.623580 0.511408 0.626452 0.513131 0.626624 0.515845 0.629668 0.518343