19 0.270360 0.605297 0.235423 0.612771 0.193250 0.611728 0.154786 0.604429 0.114467 0.587050 0.083417 0.558202 0.068124 0.523792 0.071368 0.494944 0.092223 0.463315 0.120955 0.445588 0.155249 0.431338 0.196031 0.422996 0.242374 0.424039 0.280375 0.434814 0.302157 0.442808 0.327645 0.461229 0.356841 0.496334 0.373525 0.513017 0.380940 0.524487 0.393916 0.540823 0.393916 0.547427 0.389282 0.558549 0.382330 0.580099 0.358232 0.589136 0.333670 0.601996 0.310962 0.600953 0.291498 0.606862
0 0.200618 0.723483 0.191780 0.720003 0.163057 0.696307 0.152452 0.682056 0.149800 0.667971 0.153998 0.651731 0.176093 0.628201 0.193989 0.613784 0.198629 0.614281 0.226910 0.614944 0.245248 0.613121 0.273308 0.606493 0.292089 0.607818 0.296508 0.607653 0.309101 0.610470 0.332522 0.617595 0.350197 0.625218 0.379583 0.638143 0.393281 0.651565 0.391293 0.656205 0.390409 0.663331 0.384444 0.663828 0.383118 0.667142 0.373838 0.677250 0.371408 0.678079 0.372071 0.683713 0.369419 0.688353 0.368094 0.694650 0.371629 0.699124 0.373617 0.702107 0.373617 0.704924 0.379362 0.708238 0.379141 0.712878 0.373617 0.717517 0.361907 0.716192 0.355124 0.724371 0.334289 0.719837 0.325893 0.718677 0.315730 0.719009 0.286565 0.708735 0.282146 0.702935 0.273529 0.710061 0.262040 0.715363 0.255854 0.712712 0.246574 0.719672 0.240609 0.721660 0.225363 0.721992 0.210560 0.722986 0.207688 0.726134
3 0.372474 0.720349 0.365101 0.720349 0.358012 0.725028 0.362266 0.727792 0.365527 0.732365 0.369639 0.733003 0.378855 0.740234 0.388638 0.752463 0.399414 0.770860 0.403100 0.772349 0.421107 0.772562 0.438831 0.775858 0.455703 0.778836 0.465345 0.779686 0.478247 0.767989 0.494695 0.755866 0.493135 0.750656 0.506888 0.746402 0.503769 0.735768 0.503060 0.729600 0.512843 0.710034 0.513127 0.694083 0.510717 0.689191 0.491717 0.685575 0.455136 0.680790 0.422809 0.676217 0.407637 0.676430 0.406078 0.680258 0.403951 0.683342 0.402675 0.695890 0.401824 0.709502 0.398847 0.724390 0.387929 0.722688
12 0.649109 0.661052 0.654670 0.667687 0.662000 0.680199 0.667056 0.693470 0.666550 0.697072 0.661747 0.701053 0.638240 0.711480 0.603105 0.719631 0.584400 0.721148 0.560640 0.716598 0.538396 0.706740 0.522978 0.690057 0.518428 0.673754 0.523230 0.661621 0.532583 0.650057 0.551035 0.638682 0.570751 0.634132 0.591225 0.633374 0.612963 0.636976 0.625602 0.643043 0.640515 0.652521
5 0.665456 0.700317 0.665671 0.705149 0.667926 0.708612 0.672113 0.711350 0.678985 0.714330 0.691763 0.715135 0.719731 0.715275 0.777713 0.712859 0.808315 0.711651 0.822488 0.709879 0.828608 0.707222 0.833333 0.702631 0.834514 0.698846 0.833011 0.680968 0.836554 0.678714 0.843533 0.676942 0.845681 0.672513 0.845788 0.667761 0.841815 0.661883 0.834299 0.658742 0.829038 0.660111 0.826998 0.639817 0.820663 0.633375 0.810892 0.629992 0.782974 0.629992 0.749688 0.631362 0.714684 0.632569 0.670661 0.633536 0.660138 0.634180 0.655628 0.636757 0.654554 0.640542 0.657453 0.655360 0.661426 0.677264 0.664862 0.685720 0.668084 0.693290 0.667332 0.697075
18 0.214108 0.409966 0.217142 0.416443 0.225778 0.421519 0.235113 0.421869 0.250751 0.423445 0.260086 0.420119 0.266388 0.419594 0.275024 0.421169 0.289027 0.418894 0.290661 0.420469 0.317735 0.420994 0.341455 0.418883 0.352191 0.411181 0.350090 0.403654 0.357326 0.397002 0.359193 0.380723 0.360360 0.362869 0.362694 0.347465 0.357792 0.341338 0.343322 0.326459 0.329785 0.317532 0.316248 0.314906 0.306446 0.318232 0.305979 0.313156 0.291975 0.310705 0.286374 0.313156 0.276571 0.311055 0.270036 0.310705 0.267936 0.313856 0.259767 0.311055 0.251598 0.312106 0.252065 0.317007 0.248097 0.317007 0.230593 0.320508 0.202819 0.328385 0.192083 0.333636 0.190916 0.339763 0.190916 0.345189 0.185315 0.348865 0.189049 0.362519 0.193250 0.372496 0.199785 0.381949 0.211921 0.399803
14 0.340162 0.270862 0.360274 0.273977 0.379512 0.285454 0.391099 0.292176 0.449031 0.290865 0.460399 0.288077 0.466739 0.281847 0.466302 0.274797 0.461274 0.243644 0.456464 0.213640 0.453185 0.188226 0.449906 0.185275 0.433510 0.184619 0.389787 0.186914 0.346064 0.188882 0.335134 0.193964 0.330324 0.199211 0.329887 0.206917 0.316770 0.206589 0.313491 0.208065 0.314584 0.212984 0.318301 0.214623 0.327482 0.218394 0.332729 0.220690 0.334478 0.235610 0.337101 0.254138
9 0.485140 0.304869 0.490221 0.290454 0.498837 0.284490 0.493977 0.270572 0.484035 0.246712 0.473431 0.210592 0.457525 0.177620 0.461281 0.169004 0.460839 0.159228 0.483373 0.140339 0.489117 0.144647 0.496628 0.153595 0.498837 0.160719 0.502814 0.171158 0.518278 0.169501 0.564229 0.161879 0.612832 0.153097 0.651714 0.147464 0.651051 0.150778 0.643760 0.163867 0.631168 0.180768 0.636249 0.195680 0.652155 0.231137 0.656574 0.249529 0.654586 0.262287 0.674689 0.275211 0.681317 0.278525 0.694572 0.285152 0.686840 0.293602 0.677340 0.300893 0.661655 0.300893 0.652597 0.296751 0.630726 0.301721 0.586321 0.303544 0.530208 0.305366
1 0.521415 0.492506 0.521181 0.509151 0.532628 0.513005 0.545010 0.517385 0.548280 0.521765 0.544309 0.529650 0.541272 0.532278 0.534030 0.531927 0.530292 0.531752 0.524919 0.534380 0.525153 0.537709 0.532161 0.546470 0.539169 0.554704 0.529591 0.555931 0.531694 0.572400 0.530993 0.579058 0.542206 0.592899 0.542673 0.601835 0.554120 0.604813 0.566969 0.605339 0.577014 0.604113 0.603412 0.603937 0.618363 0.593250 0.631211 0.588344 0.638220 0.577306 0.637986 0.564516 0.631445 0.552076 0.623969 0.548923 0.618363 0.540337 0.617896 0.536833 0.622757 0.520176 0.625573 0.518521 0.625482 0.516521 0.623496 0.515377 0.621867 0.506873 0.623969 0.496185 0.616961 0.483395 0.609953 0.478139 0.604346 0.478139 0.596637 0.473058 0.580518 0.466926 0.570940 0.467101 0.568604 0.463246 0.563231 0.464473 0.563465 0.468678 0.556456 0.467627 0.542673 0.471656 0.537534 0.474460 0.534030 0.479190 0.534030 0.489002
4 0.742147 0.527197 0.741339 0.521588 0.763572 0.515070 0.786613 0.512948 0.812917 0.530559 0.813726 0.534955 0.803418 0.541776 0.793514 0.552084 0.786440 0.562089 0.781185 0.569669 0.748846 0.572246 0.734495 0.564818 0.716709 0.553752 0.721762 0.535258 0.736112 0.528891 0.740761 0.528285
4 0.623224 0.504655 0.630634 0.504794 0.638693 0.509449 0.641935 0.510700 0.644436 0.510978 0.646011 0.516396 0.650828 0.515493 0.651661 0.511325 0.653699 0.509519 0.658423 0.510213 0.658701 0.512228 0.664630 0.511603 0.664630 0.514938 0.661851 0.520356 0.669169 0.517925 0.677320 0.518967 0.688343 0.528624 0.695846 0.537239 0.701126 0.546478 0.701497 0.549744 0.690196 0.555927 0.673615 0.561346 0.660647 0.563222 0.667964 0.571697 0.677691 0.579826 0.677691 0.583577 0.673430 0.591428 0.668891 0.596360 0.653734 0.595274 0.634347 0.597187 0.617134 0.599216 0.612039 0.600593 0.618464 0.593824 0.632359 0.588764 0.639319 0.577693 0.638554 0.564328 0.631977 0.551708 0.624558 0.548725 0.618898 0.540408 0.618516 0.537081 0.630218 0.532607 0.629835 0.531058 0.620275 0.529853 0.623105 0.520216 0.625782 0.518725 0.625858 0.516373 0.623946 0.515226 0.622952 0.505474
15 0.542650 0.428810 0.526903 0.421639 0.520998 0.414680 0.516499 0.407931 0.510313 0.411305 0.501033 0.412782 0.500190 0.407931 0.494285 0.406244 0.490688 0.386997 0.492094 0.373078 0.487033 0.350301 0.491250 0.346294 0.498562 0.333007 0.510372 0.335538 0.522744 0.335749 0.527806 0.331109 0.534836 0.334483 0.537086 0.331953 0.542147 0.333218 0.548615 0.332374 0.553957 0.325837 0.561268 0.326258 0.561268 0.329422 0.558456 0.334694 0.563799 0.334905 0.571392 0.328578 0.585170 0.327102 0.588826 0.330265 0.591638 0.328578 0.591356 0.323306 0.600074 0.323517 0.607947 0.330476 0.609072 0.333007 0.615258 0.329844 0.623694 0.333640 0.629318 0.335960 0.629037 0.330265 0.649845 0.326258 0.662780 0.327524 0.665874 0.330055 0.669463 0.334765 0.665874 0.336803 0.669248 0.338069 0.673062 0.340635 0.671124 0.343784 0.683767 0.339744 0.695879 0.344346 0.696686 0.339380 0.700885 0.337442 0.709122 0.340470 0.717358 0.337321 0.721557 0.340592 0.726886 0.333930 0.734961 0.336716 0.732700 0.341682 0.733184 0.344346 0.738675 0.341439 0.754663 0.341197 0.761446 0.342287 0.759185 0.346042 0.753532 0.347253 0.747880 0.347738 0.747557 0.350645 0.744004 0.352461 0.734315 0.352098 0.734638 0.354763 0.741097 0.356943 0.741905 0.360334 0.740613 0.362757 0.751433 0.365058 0.757247 0.367117 0.757247 0.371235 0.753532 0.369782 0.745942 0.368692 0.746104 0.372204 0.743358 0.375717 0.738998 0.375717 0.738029 0.377776 0.739159 0.381530 0.740290 0.383710 0.747719 0.383589 0.749495 0.384801 0.749172 0.387950 0.756601 0.393279 0.759831 0.396307 0.760961 0.395217 0.767744 0.396792 0.767744 0.400667 0.775334 0.404422 0.776142 0.409388 0.774688 0.412053 0.780018 0.412174 0.779210 0.416171 0.774365 0.417745 0.775011 0.421016 0.767259 0.421500 0.762738 0.424528 0.756278 0.427193 0.751110 0.437367 0.744606 0.435309 0.747557 0.424892 0.740774 0.425861 0.734638 0.426829 0.733023 0.424770 0.736576 0.420773 0.744004 0.418472 0.745135 0.417745 0.753209 0.415807 0.749818 0.411205 0.753371 0.404301 0.749818 0.402484 0.741420 0.405270 0.727532 0.406360 0.721557 0.403332 0.718811 0.404422 0.722041 0.409267 0.719296 0.412901 0.718165 0.417140 0.711382 0.418109 0.705539 0.412703 0.704923 0.406239 0.702500 0.402848 0.697655 0.400304 0.689581 0.400304 0.687481 0.404664 0.685866 0.407935 0.686189 0.411326 0.691842 0.410720 0.697655 0.409267 0.705067 0.412758 0.711505 0.418485 0.713275 0.419513 0.719235 0.420094 0.725254 0.420049 0.727339 0.421256 0.727220 0.425413 0.722393 0.425636 0.712024 0.425547 0.715778 0.428944 0.721738 0.428810 0.727874 0.429966 0.727993 0.432424 0.727099 0.434078 0.726682 0.436045 0.730436 0.436894 0.731568 0.439531 0.744619 0.437162 0.746407 0.436536 0.748743 0.437550 0.750619 0.439002 0.751765 0.440744 0.747857 0.441959 0.740507 0.444531 0.738364 0.445119 0.737475 0.447236 0.738677 0.449666 0.736378 0.452214 0.740020 0.453976 0.740020 0.455994 0.732984 0.460650 0.724500 0.452579 0.721178 0.445033 0.719989 0.438120 0.709432 0.431764 0.691958 0.422512 0.678428 0.427642 0.658861 0.420755 0.658419 0.417102 0.655319 0.414611 0.651334 0.420755 0.645135 0.419759 0.638493 0.419426 0.633623 0.415109 0.628974 0.413947 0.615247 0.419094 0.601078 0.422083 0.596872 0.426732 0.586466 0.433208 0.580932 0.438023 0.566763 0.438688 0.567648 0.433540 0.566320 0.426068
10 0.733868 0.460547 0.739227 0.457155 0.740902 0.457720 0.742409 0.455648 0.746177 0.455585 0.747768 0.458474 0.752720 0.458842 0.757744 0.462610 0.767290 0.464620 0.773822 0.466064 0.791239 0.473412 0.793751 0.475547 0.791323 0.479630 0.799613 0.481451 0.805380 0.483029 0.807669 0.484616 0.809643 0.487856 0.807397 0.491015 0.804308 0.490593 0.801921 0.493121 0.797990 0.496806 0.800939 0.498701 0.801220 0.501650 0.797148 0.504177 0.791700 0.509747 0.787769 0.512169 0.777941 0.513117 0.762216 0.514591 0.740664 0.521390 0.736775 0.520797 0.730933 0.521562 0.721381 0.519684 0.712757 0.519823 0.701629 0.518641 0.689944 0.516554 0.672788 0.514468 0.667039 0.511685 0.664192 0.511443 0.658794 0.511992 0.658657 0.510139 0.653761 0.509212 0.651388 0.510948 0.644689 0.510504 0.640607 0.509669 0.630946 0.504490 0.623525 0.503933 0.624787 0.496252 0.617366 0.483173 0.610464 0.477718 0.604453 0.477662 0.597032 0.472709 0.581150 0.466419 0.571132 0.466753 0.568831 0.462913 0.562672 0.464137 0.563191 0.468256 0.556512 0.467032 0.542709 0.471150 0.537069 0.473878 0.533358 0.479110 0.533729 0.488683 0.524750 0.490408 0.526753 0.484675 0.529573 0.482449 0.529796 0.470427 0.532022 0.459017 0.533908 0.453042 0.526645 0.448924 0.515839 0.442148 0.504502 0.431121 0.503616 0.421024 0.504165 0.415051 0.505467 0.413260 0.511546 0.412201 0.512414 0.410654 0.516213 0.409515 0.522401 0.418388 0.525874 0.422540 0.543459 0.429867 0.565639 0.426916 0.566508 0.432859 0.566508 0.439046 0.581053 0.438639 0.591039 0.431394 0.598638 0.426265 0.601677 0.422683 0.615897 0.419508 0.629140 0.414705 0.632722 0.415193 0.638040 0.419833 0.651066 0.421217 0.660015 0.422943 0.671123 0.426065 0.678976 0.428088 0.692064 0.423091 0.709831 0.432431 0.719667 0.438261 0.720857 0.445162 0.724029 0.452895 0.732596 0.460986
10 0.511777 0.485671 0.520712 0.485803 0.523516 0.486854 0.522464 0.490533 0.520537 0.491584 0.520362 0.509981 0.520888 0.513003 0.531049 0.513003 0.543314 0.517471 0.546643 0.521150 0.543314 0.528640 0.540686 0.531268 0.534203 0.530611 0.535780 0.526669 0.527020 0.522727 0.518610 0.518785 0.514405 0.508404 0.509674 0.491321
15 0.810263 0.487876 0.807731 0.491231 0.805435 0.491187 0.805082 0.493836 0.807378 0.496574 0.811852 0.499267 0.816738 0.502711 0.820800 0.502131 0.820270 0.498511 0.813736 0.492109 0.811145 0.489857
15 0.766478 0.463718 0.761247 0.461233 0.766652 0.458422 0.774671 0.459664 0.782255 0.462802 0.786701 0.465025 0.786701 0.468098 0.786875 0.470517 0.774584 0.465940
15 0.662145 0.520117 0.665378 0.514627 0.665251 0.511789 0.666866 0.511948 0.672649 0.514595 0.684256 0.516125 0.692546 0.517496 0.691653 0.520207 0.691994 0.521642 0.696840 0.518230 0.702197 0.519346 0.712061 0.520239 0.716270 0.519952 0.716185 0.521610 0.719842 0.523364 0.724051 0.520940 0.730981 0.521897 0.736806 0.521004 0.740845 0.521769 0.741993 0.526903 0.740717 0.527987 0.735955 0.528689 0.721542 0.535066 0.717741 0.548401 0.714229 0.549294 0.709290 0.547018 0.705400 0.544986 0.698913 0.540031 0.695342 0.535300 0.688914 0.528381 0.677844 0.518694 0.669095 0.517668