17 0.421725 0.523051 0.407385 0.535659 0.380684 0.546414 0.353543 0.552194 0.321897 0.550711 0.251683 0.541440 0.218059 0.530685 0.184930 0.510289 0.164163 0.485071 0.160207 0.458740 0.167129 0.426106 0.191853 0.402742 0.235366 0.377895 0.262067 0.371220 0.286790 0.371220 0.322392 0.372703 0.342854 0.374862 0.355466 0.360834 0.370271 0.351859 0.382845 0.350338 0.394608 0.352316 0.412522 0.360652 0.414347 0.365520 0.414347 0.376624 0.410899 0.392291 0.403395 0.407502 0.409479 0.420127 0.417795 0.438837 0.424701 0.455772 0.437265 0.477016 0.434774 0.493967 0.430584 0.508372
12 0.282181 0.300851 0.282424 0.316359 0.280722 0.339712 0.277316 0.343543 0.266613 0.346463 0.237665 0.345915 0.202149 0.344821 0.180255 0.339895 0.164930 0.330407 0.155200 0.318913 0.150334 0.309791 0.151308 0.293919 0.162011 0.278046 0.177823 0.268741 0.197527 0.261078 0.223556 0.259254 0.246179 0.264545 0.258828 0.270383 0.270018 0.277316 0.278532 0.287351
14 0.342167 0.374088 0.323135 0.372195 0.291397 0.370606 0.264500 0.370169 0.260810 0.370606 0.261587 0.360119 0.263335 0.347156 0.266830 0.347083 0.277220 0.344025 0.281298 0.339947 0.283240 0.318318 0.283240 0.310598 0.290329 0.310380 0.306059 0.310962 0.317937 0.311547 0.324764 0.311629 0.322582 0.315838 0.320243 0.320048 0.331469 0.328116 0.349398 0.335249 0.355947 0.325895 0.358597 0.320399 0.358597 0.312915 0.375436 0.313266 0.384634 0.313266 0.388376 0.314786 0.390871 0.317359 0.390247 0.324725 0.387597 0.349983 0.379178 0.349398 0.371850 0.349983 0.361092 0.355362 0.352673 0.361092 0.344877 0.369979
9 0.452635 0.313829 0.431304 0.313401 0.396712 0.309675 0.370810 0.306390 0.360145 0.303676 0.358431 0.312389 0.357743 0.315708 0.357816 0.320339 0.349044 0.334563 0.331738 0.327807 0.321070 0.320043 0.325337 0.311508 0.317119 0.310738 0.310876 0.306589 0.311666 0.296395 0.315507 0.275219 0.316754 0.250206 0.317190 0.231591 0.318754 0.203816 0.307390 0.194767 0.306548 0.189506 0.301357 0.181403 0.311178 0.178878 0.327593 0.179089 0.340079 0.179509 0.347936 0.177721 0.361685 0.177089 0.375574 0.179720 0.393813 0.179720 0.429308 0.181719 0.449230 0.183403 0.464382 0.187085 0.472238 0.183824 0.490056 0.174354 0.496089 0.178457 0.507733 0.186875 0.512363 0.189611 0.513906 0.192978 0.503665 0.197923 0.490898 0.204237 0.476587 0.206026 0.469573 0.212549 0.475044 0.221493 0.478692 0.230121 0.481358 0.245274 0.482340 0.258952 0.484304 0.270001 0.488092 0.288730 0.480375 0.294202 0.477570 0.299358 0.472519 0.303672 0.465223 0.305145 0.457086 0.307776
5 0.561364 0.273150 0.542618 0.271267 0.530233 0.271644 0.520525 0.274280 0.514667 0.269886 0.509144 0.256957 0.497428 0.229341 0.491570 0.214654 0.491570 0.209507 0.497428 0.203482 0.505294 0.199842 0.532241 0.195448 0.594503 0.185531 0.635175 0.180887 0.641702 0.182016 0.649736 0.185406 0.653418 0.188418 0.656598 0.193565 0.661452 0.206871 0.669988 0.227458 0.676348 0.244906 0.680030 0.253066 0.675176 0.256204 0.642874 0.260974 0.597683 0.268255
3 0.736145 0.385537 0.723761 0.385908 0.716331 0.338912 0.729953 0.324609 0.764314 0.322654 0.804684 0.323954 0.805923 0.326741 0.807904 0.340486 0.811124 0.363891 0.814096 0.384510 0.774221 0.385253
0 0.680025 0.312751 0.689238 0.319012 0.696291 0.325598 0.693556 0.329052 0.691397 0.331967 0.690245 0.338876 0.685893 0.342119 0.683014 0.346005 0.683014 0.349784 0.683302 0.351403 0.679991 0.355937 0.676681 0.359608 0.674953 0.363710 0.677113 0.367489 0.680135 0.370512 0.681575 0.375154 0.681863 0.382063 0.678552 0.385734 0.651778 0.385194 0.631914 0.384115 0.621424 0.378045 0.600388 0.379914 0.587379 0.375554 0.577692 0.379499 0.562425 0.382377 0.539728 0.378225 0.529487 0.378225 0.511773 0.380093 0.495996 0.383830 0.496273 0.389850 0.497657 0.398776 0.488523 0.398153 0.473023 0.387982 0.450327 0.369714 0.440086 0.352692 0.439786 0.331924 0.445465 0.322137 0.454647 0.313982 0.458876 0.308183 0.465521 0.306370 0.472649 0.304286 0.479778 0.299665 0.481107 0.294772 0.489927 0.289335 0.504063 0.279186 0.523515 0.274474 0.536080 0.272480 0.553961 0.273296 0.570876 0.274746 0.602169 0.279367 0.622829 0.285348 0.643006 0.293050 0.666929 0.305011
4 0.651243 0.577110 0.641587 0.577110 0.644463 0.584198 0.643025 0.597604 0.639738 0.607158 0.636245 0.610393 0.632342 0.608082 0.623555 0.607427 0.613488 0.608659 0.603626 0.610663 0.588011 0.611741 0.576711 0.602033 0.578149 0.598952 0.577328 0.591401 0.583080 0.572294 0.586573 0.568288 0.614515 0.563357 0.611638 0.557039 0.617391 0.538856 0.647182 0.530998 0.681493 0.545020 0.680671 0.562740 0.667933 0.569212
4 0.651928 0.454185 0.653687 0.458803 0.646649 0.463312 0.637559 0.470679 0.632428 0.475517 0.626270 0.478596 0.627736 0.480136 0.593638 0.476677 0.589386 0.467990 0.590412 0.464691 0.586893 0.452046 0.596570 0.440940 0.630291 0.437971 0.642606 0.444129 0.647005 0.445888 0.655655 0.430713 0.665185 0.422686 0.694214 0.418838 0.702425 0.424446 0.715620 0.433133 0.723244 0.438191 0.733800 0.426865 0.742597 0.420267 0.748901 0.422137 0.760044 0.426535 0.755205 0.440610 0.754619 0.442919 0.766055 0.440830 0.783502 0.436871 0.797870 0.444788 0.808279 0.452595 0.807546 0.460513 0.805347 0.467770 0.795378 0.471509 0.782476 0.457214 0.784520 0.454618 0.789055 0.453768 0.792158 0.450233 0.786668 0.447861 0.779986 0.443028 0.776764 0.441283 0.772766 0.442849 0.774735 0.450591 0.780105 0.450993 0.782372 0.453231 0.784162 0.454529 0.782014 0.456856 0.775272 0.456990 0.775320 0.460976 0.771859 0.462006 0.772575 0.467242 0.776812 0.470374 0.788148 0.474402 0.780988 0.478921 0.772259 0.481961 0.774906 0.483168 0.781719 0.486713 0.804504 0.497114 0.804643 0.505457 0.791712 0.504727 0.786567 0.504310 0.774749 0.507334 0.764182 0.513904 0.762235 0.516824 0.760149 0.518179 0.755005 0.521204 0.752502 0.523706 0.749165 0.522976 0.744715 0.519952 0.739015 0.506395 0.735122 0.498470 0.747496 0.491483 0.766128 0.480742 0.757368 0.476154 0.744576 0.470522 0.746106 0.458947 0.740822 0.459155 0.738319 0.460094 0.736234 0.461554 0.735261 0.465934 0.729004 0.467185 0.721356 0.465725 0.711206 0.460407 0.709677 0.463535 0.688959 0.464265 0.665739 0.463118 0.662541 0.459260 0.657674 0.455193
15 0.576646 0.439118 0.577291 0.442622 0.581319 0.444434 0.585588 0.442864 0.586152 0.439239 0.582366 0.436882 0.578338 0.436882
15 0.605281 0.435293 0.615270 0.438555 0.596501 0.440066 0.590943 0.444113 0.590460 0.441153 0.594729 0.436380
15 0.586061 0.451665 0.581849 0.448507 0.569815 0.448635 0.566290 0.448829 0.563969 0.451730 0.561219 0.451472 0.562508 0.454373 0.565259 0.459208 0.567923 0.462690 0.569729 0.464430 0.570588 0.466235 0.566548 0.467073 0.567494 0.469330 0.572221 0.470619 0.578840 0.470813 0.586920 0.468879 0.590101 0.464817
15 0.514978 0.423770 0.515627 0.425913 0.518290 0.429225 0.509457 0.428884 0.507249 0.426254 0.507639 0.423332
15 0.691182 0.398726 0.695765 0.401626 0.694763 0.403989 0.690896 0.405171 0.685597 0.404849 0.684021 0.401196
15 0.736273 0.465947 0.737872 0.467006 0.742132 0.467528 0.742132 0.469875 0.744914 0.473331 0.749174 0.475091 0.753782 0.474700 0.743871 0.470462 0.745800 0.459201 0.740972 0.459357 0.738584 0.460291 0.736767 0.461849
15 0.780283 0.450712 0.775279 0.450281 0.773147 0.443206 0.776510 0.441668 0.780037 0.443575 0.786026 0.447943 0.791522 0.450343 0.788733 0.453481 0.784385 0.454157
15 0.781903 0.457011 0.775627 0.457145 0.775627 0.461084 0.772067 0.462185 0.772690 0.467092 0.777096 0.470263 0.788268 0.474002 0.795077 0.472199 0.791784 0.468494 0.786354 0.462018
15 0.792707 0.440919 0.789836 0.438382 0.795577 0.433692 0.796910 0.428541 0.805315 0.428080 0.809723 0.431232 0.809518 0.434461 0.803778 0.434538 0.798960 0.439612 0.797422 0.441381 0.802035 0.442303 0.807160 0.446378 0.811568 0.447916 0.813619 0.448992 0.813721 0.452913 0.815771 0.454912 0.816591 0.457449 0.813721 0.463369 0.815566 0.465445 0.815566 0.468443 0.815156 0.475132 0.810441 0.476670 0.801933 0.474978 0.803368 0.469596 0.805725 0.468059 0.808083 0.461831 0.809211 0.452298 0.797422 0.443764
15 0.735999 0.476696 0.735333 0.479606 0.738992 0.482516 0.739768 0.488253 0.732673 0.489916 0.729125 0.487006 0.720257 0.480022 0.722141 0.475865 0.727462 0.476364
15 0.652455 0.454607 0.657699 0.455792 0.661291 0.459078 0.665242 0.463227 0.665170 0.464143 0.662800 0.464197 0.659423 0.466082 0.660645 0.469207 0.657279 0.472271 0.648587 0.477497 0.642769 0.482130 0.637668 0.481753 0.634867 0.480245 0.628402 0.480245 0.627181 0.478790 0.632640 0.475773 0.638387 0.470332 0.647797 0.463274 0.654406 0.458695
15 0.624644 0.480596 0.614256 0.479459 0.612361 0.483781 0.611754 0.485316 0.601821 0.485714 0.604475 0.490150 0.610010 0.491060 0.620626 0.491686 0.626767 0.489070 0.623507 0.485373 0.626995 0.482871
1 0.807843 0.505188 0.820964 0.506332 0.829203 0.506561 0.837136 0.509994 0.840340 0.522581 0.847511 0.524984 0.848273 0.530705 0.849189 0.538257 0.840645 0.539516 0.842171 0.542262 0.842628 0.544207 0.835153 0.544550 0.831644 0.546610 0.832712 0.555535 0.832864 0.559998 0.844307 0.576246 0.851782 0.584142 0.845527 0.589176 0.834085 0.588375 0.822642 0.585286 0.819591 0.579450 0.801893 0.570296 0.792739 0.571784 0.784195 0.567092 0.781602 0.568236 0.769396 0.564460 0.751851 0.555535 0.743765 0.549242 0.740256 0.543063 0.740714 0.538829 0.742850 0.538371 0.743460 0.531277 0.748800 0.526471 0.751698 0.524526 0.754292 0.523382 0.764209 0.517088 0.764644 0.514077 0.770312 0.511367 0.786331 0.505074 0.805860 0.506447
1 0.762492 0.570586 0.774758 0.576255 0.772904 0.582353 0.770194 0.594012 0.763491 0.600431 0.759640 0.600752 0.756787 0.602142 0.757786 0.607170 0.756359 0.615942 0.759212 0.616583 0.766914 0.616155 0.774901 0.614658 0.781462 0.618402 0.785456 0.621290 0.794584 0.623430 0.797294 0.626318 0.797579 0.628243 0.801287 0.629955 0.801573 0.637336 0.800574 0.639796 0.801145 0.645466 0.792730 0.651135 0.790448 0.653702 0.777468 0.657019 0.757073 0.652098 0.754505 0.647498 0.750084 0.638406 0.743095 0.636159 0.713856 0.627815 0.708579 0.626532 0.706439 0.622681 0.700164 0.623430 0.682050 0.616797 0.679483 0.612198 0.683619 0.613481 0.698167 0.612625 0.707438 0.614337 0.718848 0.616369 0.718563 0.611021 0.716709 0.607277 0.714284 0.591124 0.719133 0.588664 0.717422 0.579678 0.719419 0.572511 0.730544 0.571441 0.733824 0.569302 0.749371 0.568339 0.751795 0.569623
15 0.608337 0.492589 0.611358 0.492328 0.613624 0.493330 0.614843 0.496031 0.616180 0.503307 0.614960 0.504745 0.612810 0.507751 0.614030 0.512282 0.613565 0.514374 0.610080 0.517162 0.604852 0.518643 0.598055 0.518251 0.595731 0.517990 0.592827 0.519515 0.591084 0.522347 0.595383 0.521693 0.603980 0.521040 0.612346 0.521650 0.610893 0.524133 0.607175 0.525614 0.595092 0.527837 0.598694 0.530973 0.601308 0.534895 0.600960 0.537117 0.598171 0.537465 0.594628 0.534938 0.593640 0.535113 0.593233 0.540907 0.592013 0.546266 0.591491 0.546833 0.585623 0.547704 0.585798 0.551799 0.583358 0.555590 0.581092 0.556636 0.580860 0.557768 0.583532 0.559206 0.588528 0.561210 0.589690 0.562474 0.584578 0.565262 0.586959 0.567920 0.585798 0.568443 0.582719 0.572059 0.580337 0.580119 0.576851 0.591186 0.577781 0.598679 0.576271 0.602165 0.588005 0.612229 0.603870 0.611112 0.613882 0.609071 0.623215 0.607758 0.631672 0.608341 0.636046 0.610602 0.638185 0.610602 0.640421 0.612570 0.642559 0.616070 0.649559 0.612862 0.644821 0.610938 0.639135 0.608589 0.640180 0.607370 0.642384 0.600930 0.650391 0.599799 0.652712 0.602061 0.658978 0.604846 0.664896 0.600669 0.675339 0.606326 0.682417 0.609546 0.681257 0.612244 0.676848 0.612157 0.671510 0.610155 0.671510 0.614071 0.671510 0.617639 0.664664 0.622339 0.661067 0.623905 0.660718 0.627126 0.658514 0.630694 0.654684 0.632347 0.653408 0.635915 0.642733 0.638787 0.634842 0.635654 0.627532 0.631216 0.626487 0.631390 0.628692 0.634610 0.626255 0.637569 0.618597 0.634088 0.613375 0.637134 0.610242 0.634436 0.603048 0.633740 0.597362 0.629823 0.602119 0.634610 0.603628 0.638613 0.602932 0.642181 0.600843 0.651755 0.613839 0.653843 0.623934 0.655410 0.627532 0.655062 0.630201 0.656367 0.631010 0.661252 0.637119 0.664217 0.642799 0.663152 0.646585 0.663507 0.645266 0.667786 0.640670 0.668169 0.640568 0.672381 0.648227 0.669318 0.659258 0.670007 0.663649 0.670007 0.670901 0.667403 0.677335 0.655377 0.684076 0.652083 0.679480 0.646108 0.686118 0.644423 0.679071 0.639291 0.679990 0.635078 0.675599 0.634235 0.672024 0.628644 0.675905 0.626193 0.674475 0.622516 0.681726 0.618150 0.683463 0.617614 0.690714 0.620907 0.685710 0.625120 0.689386 0.626346 0.697761 0.623358 0.700212 0.623818 0.706238 0.623129 0.708076 0.627112 0.721456 0.630559 0.739737 0.636457 0.737592 0.638295 0.738716 0.641359 0.742392 0.641206 0.744946 0.637989 0.749542 0.638602 0.753933 0.647640 0.750359 0.648176 0.756589 0.654074 0.762512 0.655913 0.765474 0.660279 0.767006 0.663496 0.762717 0.665105 0.762717 0.666330 0.771602 0.666713 0.778445 0.668092 0.783245 0.670007 0.783858 0.673147 0.773543 0.674986 0.765576 0.674067 0.754852 0.671462 0.749950 0.672228 0.738103 0.678892 0.716758 0.679965 0.716441 0.683525 0.714161 0.686233 0.701622 0.688940 0.701052 0.684808 0.702382 0.683098 0.688892 0.681958 0.686043 0.684523 0.669514 0.685948 0.666094 0.682528 0.678823 0.680818 0.685283 0.678538 0.682053 0.674406 0.674643 0.671699 0.676733 0.677826 0.670654 0.679108 0.662484 0.679251 0.650515 0.679821 0.648235 0.682528 0.624677 0.678681 0.602638 0.673979 0.574710 0.673409 0.564831 0.680818 0.554192 0.679678 0.541083 0.672981 0.528544 0.667994 0.531393 0.663577 0.525694 0.661297 0.527594 0.654030 0.522464 0.648758 0.517904 0.635221 0.516384 0.622967 0.528164 0.622825 0.539753 0.617695 0.544312 0.615558 0.549632 0.610285 0.555522 0.609715 0.552862 0.607293 0.548492 0.602591 0.548492 0.601878 0.541653 0.593044 0.529114 0.593187 0.529683 0.585207 0.535193 0.583497 0.534623 0.577370 0.530443 0.571528 0.536713 0.566541 0.533673 0.564689 0.528354 0.553717 0.533483 0.549015 0.536903 0.541178 0.546592 0.534481 0.556282 0.522226 0.561221 0.521657 0.561981 0.519234 0.561221 0.509402 0.564261 0.504985 0.572621 0.505128 0.576800 0.510257 0.584780 0.509545 0.585160 0.505698 0.592379 0.499571 0.601688 0.497718 0.604728 0.498146
15 0.706397 0.538619 0.702532 0.534587 0.698500 0.532696 0.694971 0.533830 0.695979 0.541518 0.697659 0.547819 0.701860 0.552230 0.707909 0.559413 0.706565 0.561681 0.695979 0.563194 0.694131 0.565210 0.695475 0.575040 0.684217 0.570755 0.679176 0.571259 0.689594 0.563950 0.689258 0.562185 0.681360 0.562437 0.663549 0.571889 0.652459 0.578316 0.642378 0.577560 0.646074 0.583735 0.652291 0.587138 0.653468 0.589658 0.666070 0.597346 0.671279 0.596842 0.672959 0.594447 0.669766 0.591801 0.676152 0.591801 0.685897 0.593565 0.694635 0.593817 0.697323 0.590162 0.690602 0.585626 0.682705 0.589028 0.678504 0.582979 0.688754 0.579955 0.692787 0.581845 0.699340 0.579829 0.703036 0.579829 0.710766 0.576804 0.712614 0.579324 0.715471 0.579703 0.718999 0.572015 0.730593 0.570251 0.733618 0.568361 0.749076 0.567352 0.752269 0.569243 0.762519 0.569621 0.772433 0.572897 0.779154 0.572267 0.779658 0.569243 0.767392 0.564706 0.759662 0.560169 0.751093 0.561933 0.744876 0.556262 0.751261 0.555884 0.742355 0.549079 0.740171 0.545803 0.733618 0.543534 0.730929 0.544668 0.733618 0.546937 0.730425 0.552860 0.718495 0.552986 0.724880 0.539627 0.719671 0.538493 0.714126 0.535847
15 0.750589 0.523497 0.743363 0.519842 0.738659 0.520598 0.733786 0.519464 0.732610 0.521732 0.734794 0.525009 0.737818 0.525639 0.735466 0.528537 0.734626 0.536351 0.734122 0.538997 0.737314 0.540258 0.740507 0.538241 0.742355 0.537611 0.742187 0.531184
15 0.773833 0.584820 0.775018 0.576937 0.776915 0.576047 0.782764 0.576937 0.785925 0.580019 0.790351 0.577589 0.797939 0.572609 0.801811 0.571661 0.806474 0.573439 0.803629 0.576996 0.800152 0.580493 0.805052 0.581738 0.812165 0.581204 0.816275 0.582805 0.822202 0.591104 0.821491 0.592467 0.822677 0.594957 0.823230 0.596438 0.822123 0.598276 0.813192 0.595372 0.805684 0.598217 0.800468 0.606634 0.797622 0.607345 0.797939 0.610487 0.801179 0.615229 0.801416 0.616770 0.806000 0.619023 0.803945 0.622520 0.806237 0.623469 0.813746 0.624061 0.816117 0.627974 0.815326 0.628863 0.814062 0.630878 0.820859 0.632123 0.821807 0.633783 0.820068 0.635976 0.820305 0.637517 0.818092 0.640540 0.816986 0.644393 0.812718 0.645460 0.809636 0.646942 0.806079 0.647298 0.802285 0.644689 0.801258 0.639947 0.802285 0.637576 0.801890 0.629989 0.798413 0.627914 0.797780 0.625425 0.794698 0.622639 0.786083 0.620564 0.775493 0.614162 0.766087 0.615111 0.764981 0.613273 0.764586 0.604144 0.769249 0.602070 0.769328 0.596972 0.771620 0.595312 0.782131 0.592763 0.787585 0.594423 0.788691 0.595549 0.795172 0.596024 0.794540 0.588318 0.795172 0.584405 0.787664 0.586480 0.782685 0.590274 0.772410 0.591281