8 0.541394 0.310405 0.518631 0.308853 0.497524 0.301093 0.474293 0.285569 0.468085 0.278120 0.466016 0.232491 0.460222 0.137818 0.482157 0.135025 0.550031 0.127575 0.617078 0.121367 0.655154 0.117021 0.656809 0.125402 0.656809 0.133783 0.654740 0.144337 0.649773 0.156442 0.646049 0.173825 0.623700 0.242113 0.614181 0.274705 0.609214 0.285880 0.591832 0.300158 0.569483 0.306987
5 0.439528 0.394830 0.463533 0.369998 0.508644 0.322817 0.515355 0.318345 0.522821 0.315125 0.534579 0.315125 0.543538 0.318905 0.589774 0.336507 0.610864 0.345466 0.612171 0.353864 0.620383 0.362823 0.608438 0.376121 0.585855 0.398937 0.529677 0.397118
3 0.622563 0.365044 0.632787 0.377935 0.649975 0.387270 0.655309 0.391493 0.672200 0.390492 0.687462 0.387825 0.722134 0.384047 0.740413 0.391173 0.752563 0.395062 0.758045 0.397729 0.769603 0.402508 0.776567 0.403175 0.790347 0.398507 0.810053 0.397063 0.819685 0.393729 0.817907 0.377726 0.812869 0.363724 0.810498 0.353167 0.811683 0.346610 0.806349 0.331386 0.806349 0.324051 0.803682 0.323607 0.787531 0.332275 0.772862 0.335497 0.763379 0.334275 0.752415 0.325829 0.740265 0.316717 0.734634 0.317828 0.734486 0.324273 0.739672 0.327941 0.741746 0.332275 0.742191 0.336164 0.735820 0.340054 0.736412 0.336275 0.735227 0.333275 0.730189 0.331497 0.724707 0.333275 0.712408 0.328385 0.702481 0.326274 0.698036 0.324496 0.694183 0.324940 0.697591 0.317717 0.700999 0.311160 0.676106 0.310271 0.633137 0.312383 0.613134 0.314605 0.612393 0.322273 0.611800 0.343832 0.612985 0.353500 0.622617 0.362724
12 0.216909 0.366920 0.186461 0.365918 0.167467 0.364180 0.159454 0.360774 0.159187 0.342946 0.161324 0.320110 0.165063 0.308291 0.179753 0.293668 0.204058 0.284653 0.228631 0.281448 0.245725 0.283251 0.261483 0.288059 0.275372 0.294469 0.285521 0.305086 0.291664 0.316304 0.293267 0.328723 0.289795 0.339941 0.284453 0.347353 0.275105 0.354965 0.260148 0.362377 0.242252 0.367185 0.219550 0.367185
14 0.342152 0.434829 0.334333 0.437761 0.325155 0.437761 0.316826 0.437634 0.287421 0.424631 0.244079 0.404872 0.237790 0.399263 0.237450 0.391996 0.255127 0.375297 0.275014 0.356685 0.290141 0.342280 0.306998 0.326090 0.317788 0.318167 0.324609 0.316146 0.333955 0.315451 0.344818 0.319935 0.370332 0.330735 0.407382 0.347597 0.423212 0.354038 0.423633 0.356627 0.422791 0.359154 0.407887 0.372542 0.389530 0.389594 0.377068 0.399888 0.374037 0.401340 0.367637 0.408413 0.366627 0.411571 0.355933 0.421991 0.349449 0.427865
9 0.245803 0.554419 0.207748 0.554613 0.186878 0.555882 0.182650 0.555755 0.179085 0.558944 0.172321 0.560846 0.139852 0.561354 0.139007 0.543090 0.135455 0.533578 0.134779 0.525968 0.136639 0.516963 0.135794 0.508085 0.136639 0.493245 0.135286 0.483226 0.137146 0.474728 0.141543 0.461664 0.129368 0.447459 0.125816 0.442259 0.135625 0.435537 0.141712 0.430718 0.149830 0.427166 0.155072 0.430084 0.162344 0.437947 0.168601 0.442894 0.168939 0.446572 0.183820 0.450630 0.184835 0.452279 0.194812 0.454689 0.205128 0.451264 0.225252 0.447967 0.278690 0.444162 0.302534 0.443147 0.311835 0.440230 0.324349 0.438328 0.334495 0.438074 0.342791 0.435914 0.348449 0.430156 0.348752 0.434172 0.345317 0.446901 0.342589 0.464480 0.338750 0.485469 0.335618 0.507822 0.333395 0.513580 0.337234 0.521006 0.355319 0.525022 0.371483 0.527825 0.372797 0.538282 0.373504 0.546011 0.368957 0.550026 0.357945 0.551921 0.344610 0.556391 0.327869 0.554764 0.281141 0.554320
4 0.536936 0.550251 0.539629 0.570610 0.548540 0.575427 0.564081 0.582732 0.571955 0.584130 0.585838 0.579468 0.610082 0.572164 0.611118 0.560353 0.608839 0.546521 0.590190 0.539994 0.580243 0.536420 0.565946 0.536264 0.553927 0.542014
4 0.651488 0.594989 0.647576 0.597157 0.638732 0.595371 0.635331 0.591417 0.631589 0.587463 0.626147 0.578534 0.636596 0.563166 0.642889 0.554875 0.667891 0.555257 0.684218 0.555257 0.693062 0.568906 0.698674 0.577580 0.702076 0.583703 0.697314 0.588040 0.686089 0.595821 0.678095 0.597606 0.665509 0.597734 0.660067 0.597606 0.658706 0.595821
1 0.680984 0.503126 0.680984 0.500109 0.673898 0.496375 0.667196 0.491492 0.662216 0.493359 0.669877 0.500684 0.673515 0.506716 0.663748 0.507865 0.660684 0.510163 0.656854 0.509589 0.654939 0.506142 0.657237 0.504275 0.649960 0.502838 0.649194 0.497380 0.638470 0.489625 0.636747 0.482874 0.627171 0.479140 0.626214 0.472102 0.637130 0.461330 0.645364 0.456303 0.652450 0.456160 0.662216 0.453718 0.675047 0.454580 0.677728 0.457021 0.677537 0.458745 0.682516 0.458314 0.688069 0.453287 0.709326 0.452425 0.716986 0.454867 0.730200 0.457883 0.739967 0.465495 0.739967 0.470379 0.732689 0.478278 0.727519 0.481151 0.717752 0.483161 0.711816 0.489194 0.701475 0.506860 0.691899 0.519643 0.687303 0.528117 0.685197 0.533000 0.677345 0.532282 0.678494 0.529840 0.675622 0.519643 0.675239 0.516196 0.679835 0.509302
10 0.625568 0.479907 0.617841 0.489566 0.603247 0.479049 0.596665 0.474327 0.597237 0.468317 0.607253 0.465742 0.615838 0.464454 0.623851 0.464454 0.630433 0.465527 0.624996 0.471752
10 0.523119 0.517682 0.496791 0.511243 0.478763 0.505233 0.459875 0.495361 0.467602 0.487205 0.489637 0.488922 0.516537 0.485488 0.538000 0.486346 0.573199 0.483771 0.574344 0.486990 0.588366 0.487205 0.606108 0.487849 0.608970 0.493214 0.607253 0.500941 0.595520 0.501155 0.588652 0.505019 0.588938 0.511243 0.564900 0.515965 0.548692 0.518971 0.542865 0.515536 0.531286 0.513566
15 0.401584 0.492370 0.396157 0.486604 0.398267 0.484569 0.405804 0.486151 0.413794 0.492256 0.412437 0.494178 0.405654 0.491578
15 0.421783 0.478011 0.415603 0.478463 0.413794 0.474054 0.420879 0.469193 0.433843 0.468062 0.433240 0.470097 0.429471 0.471793
15 0.428265 0.464218 0.425552 0.462635 0.428265 0.459017 0.440325 0.455739 0.443641 0.455852 0.442435 0.458791 0.438818 0.461731
15 0.462937 0.452347 0.462183 0.447259 0.466856 0.448164 0.479519 0.451668 0.479669 0.454721 0.476202 0.455399 0.464293 0.453704
15 0.463389 0.477220 0.467007 0.481177 0.470474 0.485473 0.473037 0.486490 0.475750 0.485134 0.474845 0.482194 0.472434 0.478463 0.467760 0.474732 0.463540 0.474732
10 0.443189 0.508989 0.438968 0.505145 0.444244 0.500623 0.446505 0.500623 0.448465 0.501640 0.446505 0.504467
15 0.561763 0.483966 0.537979 0.484980 0.535672 0.482534 0.533365 0.480744 0.532410 0.476867 0.541797 0.475673 0.549513 0.474301 0.554445 0.478298
15 0.512334 0.458063 0.509502 0.462312 0.509077 0.466454 0.499306 0.466241 0.497890 0.460825 0.502847 0.459338 0.509644 0.456152
15 0.540231 0.445744 0.539381 0.450204 0.524229 0.450629 0.517857 0.447761 0.510493 0.443513 0.510210 0.441389 0.520831 0.440327 0.533009 0.442876
15 0.577190 0.445319 0.576057 0.448930 0.567278 0.449567 0.557790 0.449886 0.552409 0.450841 0.551135 0.448399 0.551843 0.445531 0.562605 0.443513
15 0.630401 0.458202 0.632128 0.460793 0.632442 0.464738 0.626083 0.463325 0.614609 0.457777 0.612097 0.457012 0.608014 0.459072 0.603932 0.458778 0.600792 0.455599 0.605973 0.454127 0.610605 0.453891 0.610448 0.451301 0.613039 0.450712 0.617356 0.451595 0.620340 0.452831 0.624108 0.452360 0.627091 0.444706 0.632665 0.442351 0.647659 0.441174 0.652605 0.439407 0.658100 0.441350 0.654489 0.443234 0.649936 0.448945 0.652291 0.451065 0.657786 0.453656 0.652369 0.455893 0.645068 0.455834 0.642085 0.458130 0.636040 0.458130
15 0.470746 0.541879 0.476898 0.551741 0.485101 0.551469 0.484136 0.546765 0.480758 0.539980 0.472797 0.538803
15 0.450463 0.574861 0.450916 0.578940 0.450010 0.582452 0.438529 0.593102 0.435357 0.596161 0.440644 0.596614 0.452124 0.584718 0.456656 0.584378 0.459375 0.582565 0.457865 0.576901 0.455599 0.572255
15 0.471611 0.597973 0.464662 0.589929 0.459526 0.586757 0.454390 0.588683 0.459224 0.596047 0.464965 0.601826 0.470554 0.604091 0.472820 0.603865 0.478409 0.599786 0.480977 0.591062 0.484149 0.591176 0.490645 0.595141 0.498953 0.600466 0.505147 0.597747 0.508621 0.596161 0.503787 0.591402 0.497745 0.584265 0.494270 0.583358 0.489587 0.584718 0.485660 0.584831 0.484573 0.587906 0.482496 0.588479 0.482770 0.582823 0.487907 0.583110 0.489274 0.581183 0.500757 0.581716 0.504911 0.581511 0.506496 0.579134 0.503709 0.578642 0.497860 0.576633 0.496275 0.572001 0.493160 0.565606 0.489498 0.564991 0.484743 0.565360 0.482502 0.568722 0.481901 0.569665 0.475834 0.569255 0.472828 0.569624 0.472445 0.572698 0.471188 0.575280 0.470860 0.578437 0.473156 0.584750 0.475287 0.586799 0.474140 0.590242 0.473156 0.594178
15 0.533809 0.562326 0.537514 0.561703 0.538600 0.567308 0.537897 0.569224 0.536683 0.571667 0.541346 0.572051 0.548179 0.575598 0.548563 0.577370 0.545305 0.581155 0.538662 0.587479 0.532977 0.586425 0.529975 0.584892 0.532721 0.581155 0.525567 0.581874 0.519116 0.578233 0.525567 0.575215 0.521288 0.573873 0.524865 0.568747 0.529719 0.565346
15 0.485315 0.622688 0.478849 0.620983 0.472028 0.617960 0.467377 0.615944 0.466963 0.614084 0.473888 0.613619 0.480090 0.611448 0.486601 0.612689 0.496523 0.616022 0.501277 0.614859 0.505825 0.617805 0.505618 0.619898 0.498900 0.620518 0.497453 0.621991 0.492079 0.621525 0.490838 0.623308 0.491562 0.626331 0.488461 0.625944
15 0.517290 0.617802 0.517393 0.615787 0.517910 0.613306 0.522664 0.612919 0.534137 0.615554 0.538891 0.617182 0.538788 0.623306 0.534654 0.622453 0.525558 0.620748
15 0.678790 0.457827 0.682835 0.457652 0.686103 0.454385 0.684313 0.452926 0.681046 0.452926 0.676922 0.455201
15 0.695148 0.452274 0.694292 0.449065 0.700750 0.445564 0.704718 0.447081 0.708452 0.446964 0.708763 0.444514 0.711875 0.444572 0.716777 0.447081 0.726424 0.448131 0.728525 0.449415 0.728369 0.450991 0.732804 0.453325 0.732104 0.455017 0.727202 0.456534 0.718488 0.454958 0.713587 0.453441 0.709386 0.451924
15 0.548759 0.543902 0.541145 0.541632 0.541362 0.538872 0.557170 0.534324 0.560286 0.531132 0.565050 0.532064 0.560737 0.525962 0.561669 0.521302 0.566951 0.517573 0.576272 0.514777 0.580001 0.514388 0.584144 0.516408 0.586112 0.515631 0.589012 0.512912 0.589426 0.510582 0.589219 0.505455 0.596158 0.501960 0.608172 0.501261 0.609415 0.492716 0.606412 0.487278 0.590151 0.486346 0.591497 0.483084 0.608897 0.483861 0.617804 0.489764 0.620942 0.490726 0.623385 0.494198 0.623010 0.500079 0.624553 0.501076 0.626739 0.499597 0.637308 0.500051 0.639309 0.501441 0.640051 0.504832 0.636344 0.505110 0.632342 0.511114 0.630785 0.512281 0.631304 0.513838 0.636789 0.513894 0.637308 0.516173 0.636344 0.518230 0.633380 0.519508 0.636863 0.520731 0.634343 0.523956 0.631897 0.525846 0.635751 0.527069 0.638568 0.530349 0.640421 0.533518 0.643757 0.531683 0.645980 0.529904 0.643386 0.525179 0.645239 0.522677 0.649390 0.519897 0.655320 0.520731 0.655468 0.523177 0.657840 0.524901 0.659545 0.528070 0.656580 0.533017 0.652726 0.535241 0.654356 0.538243 0.658804 0.536464 0.662213 0.537854 0.663177 0.542079 0.656580 0.547082 0.649019 0.549695 0.644263 0.552798 0.643099 0.554156 0.641887 0.555957 0.635865 0.563425 0.632930 0.563265 0.622844 0.561144 0.622791 0.560464 0.626420 0.559383 0.629995 0.556782 0.632930 0.555741 0.628821 0.551779 0.621724 0.552740 0.622417 0.549138 0.621830 0.543295 0.620603 0.533209 0.621030 0.530127 0.619483 0.527206 0.616174 0.525565 0.612972 0.525045 0.610411 0.523284 0.607209 0.519882 0.605021 0.519682 0.601553 0.521603 0.597924 0.525085 0.605128 0.525245 0.608863 0.525005 0.611478 0.525725 0.610998 0.527406 0.608970 0.529407 0.603741 0.531208 0.597284 0.533529 0.589440 0.536771 0.584690 0.536011 0.580955 0.536131 0.573538 0.536051 0.565747 0.535971
15 0.623327 0.487601 0.621553 0.486066 0.625578 0.480795 0.627966 0.481255 0.631583 0.481307 0.636564 0.483200 0.637178 0.487038 0.627762 0.487396
15 0.680206 0.503107 0.678315 0.502516 0.672222 0.501334 0.669911 0.499167 0.666374 0.497023 0.662959 0.493398 0.667267 0.491862 0.673360 0.496865 0.680399 0.499938 0.680609 0.502577
15 0.615942 0.561408 0.620240 0.562587 0.624119 0.572572 0.624119 0.576031 0.621079 0.579726 0.617200 0.578547 0.613112 0.573279 0.611959 0.569348 0.611854 0.561722
15 0.609234 0.580198 0.601896 0.580591 0.594873 0.581141 0.590470 0.581849 0.586172 0.585701 0.572755 0.585544 0.570135 0.584286 0.559547 0.581849 0.559023 0.583028 0.556822 0.583893 0.558604 0.588452 0.565732 0.610544 0.568248 0.614160 0.574642 0.614947 0.576843 0.616204 0.571497 0.617462 0.571183 0.621550 0.581665 0.626032 0.577367 0.628705 0.577996 0.632871 0.591623 0.632478 0.609443 0.632242 0.621603 0.633579 0.640890 0.629176 0.652421 0.628547 0.659863 0.629884 0.661645 0.627525 0.669088 0.625481 0.673176 0.623280 0.673281 0.619742 0.677683 0.620214 0.683553 0.616283 0.686488 0.613138 0.691939 0.615733 0.697285 0.616283 0.698019 0.618799 0.701793 0.623359 0.706510 0.624145 0.707453 0.627289 0.711122 0.628626 0.715105 0.627683 0.717936 0.626189 0.724644 0.624538 0.722128 0.622179 0.729781 0.623280 0.733554 0.626110 0.728805 0.632261 0.732052 0.634839 0.745039 0.630685 0.752105 0.626531 0.760318 0.625386 0.766429 0.620372 0.778270 0.620372 0.792785 0.622377 0.799088 0.621232 0.805772 0.614786 0.811693 0.616218 0.816468 0.612351 0.809592 0.608197 0.814558 0.606764 0.811311 0.601178 0.813603 0.597454 0.807300 0.589289 0.809401 0.585995 0.805199 0.582700 0.809019 0.578689 0.809401 0.568233 0.811884 0.559495 0.809401 0.552620 0.807491 0.551474 0.793740 0.553193 0.785910 0.549898 0.784382 0.537293 0.790302 0.531707 0.793358 0.528412 0.792403 0.521250 0.787056 0.520391 0.793740 0.512799 0.791448 0.507356 0.789920 0.505350 0.792212 0.501913 0.789729 0.499048 0.785146 0.496613 0.778079 0.490310 0.773878 0.489451 0.778079 0.486873 0.776169 0.480713 0.783045 0.481573 0.785337 0.478278 0.778270 0.471403 0.774069 0.471116 0.768912 0.475557 0.764901 0.484581 0.758599 0.480283 0.750768 0.481143 0.749622 0.482575 0.744848 0.483435 0.733770 0.478135 0.727608 0.481711 0.717858 0.483628 0.712841 0.488384 0.712651 0.490585 0.721455 0.492218 0.726188 0.493354 0.725714 0.495768 0.720508 0.496407 0.715397 0.494206 0.710569 0.493780 0.708770 0.496833 0.710569 0.499247 0.709285 0.502146 0.704174 0.503779 0.699630 0.509885 0.700671 0.512228 0.701997 0.514925 0.698968 0.515280 0.696885 0.519469 0.699252 0.523303 0.703606 0.528414 0.697926 0.529763 0.695276 0.535372 0.688555 0.536437 0.688934 0.531467 0.687514 0.530686 0.684958 0.533952 0.677574 0.532674 0.676912 0.535727 0.672652 0.543891 0.672463 0.547015 0.673599 0.548719 0.674167 0.553263 0.670191 0.552837 0.665174 0.549216 0.661577 0.549642 0.658926 0.551559 0.661956 0.554895 0.684390 0.554895 0.697074 0.574277 0.702375 0.583577 0.695181 0.589896 0.699252 0.593730 0.701523 0.595220 0.695560 0.598699 0.688460 0.594865 0.686094 0.596427 0.678048 0.597918 0.659778 0.597989 0.658548 0.596143 0.651638 0.595220 0.647473 0.597634 0.637723 0.595504 0.633084 0.589541 0.628541 0.589612 0.625038 0.588547 0.617465 0.588547 0.613868 0.591884 0.612543 0.594865 0.604970 0.593020 0.601847 0.592665 0.600143 0.590038 0.593990 0.588547 0.599859 0.586630 0.610082 0.583435
15 0.795006 0.530113 0.802313 0.530612 0.804140 0.533102 0.808291 0.538831 0.809287 0.541447 0.806962 0.543689 0.802977 0.542817 0.797497 0.536091
15 0.812840 0.510994 0.807693 0.511367 0.807859 0.516349 0.816660 0.521081 0.822472 0.521829 0.821641 0.515851 0.814501 0.512114
15 0.496195 0.404109 0.500991 0.411302 0.509161 0.411036 0.512181 0.408638 0.516089 0.405308 0.508629 0.401045 0.506852 0.401045 0.504543 0.403842