7 0.442574 0.491299 0.443500 0.508659 0.433778 0.530533 0.414334 0.549630 0.383780 0.563865 0.360633 0.566990 0.316653 0.566643 0.254619 0.555879 0.211565 0.540602 0.180085 0.513173 0.167586 0.484355 0.167586 0.456231 0.165734 0.451023 0.133487 0.438210 0.138353 0.425798 0.150920 0.417691 0.187029 0.426718 0.195786 0.417844 0.216011 0.405334 0.249998 0.392980 0.295452 0.388758 0.328813 0.392198 0.363633 0.401737 0.390947 0.416750 0.408878 0.432544 0.420763 0.450840 0.430772 0.471169
3 0.506973 0.709973 0.509918 0.731114 0.487620 0.754149 0.464901 0.762984 0.419883 0.784125 0.377390 0.762984 0.363506 0.762984 0.359299 0.741527 0.344994 0.719439 0.343732 0.709973 0.352988 0.708395 0.387908 0.717546 0.409786 0.679996 0.417359 0.677156 0.443444 0.685360
12 0.565746 0.758235 0.547655 0.752256 0.528623 0.741191 0.520344 0.727393 0.517891 0.710605 0.528623 0.691518 0.553153 0.677949 0.574310 0.671510 0.611412 0.663231 0.620917 0.668751 0.638395 0.692667 0.651273 0.723483 0.637781 0.742341 0.617851 0.754759 0.590254 0.760048
5 0.820830 0.683041 0.822192 0.700407 0.818106 0.709600 0.805394 0.713005 0.742288 0.713346 0.700520 0.712665 0.666924 0.713686 0.660568 0.709600 0.656482 0.704493 0.653304 0.677253 0.651942 0.646267 0.651488 0.634009 0.664200 0.632988 0.711870 0.632647 0.781332 0.632647 0.803124 0.632988 0.814474 0.636052 0.816744 0.640138 0.819468 0.649332 0.819922 0.663292 0.823785 0.662252 0.832381 0.665476 0.834877 0.669843 0.834322 0.677330 0.831410 0.679826 0.821567 0.682217
9 0.131497 0.668329 0.111614 0.658839 0.100769 0.635793 0.136467 0.637827 0.153187 0.634438 0.152735 0.620204 0.162676 0.595463 0.165840 0.589363 0.158609 0.579873 0.153639 0.553777 0.181203 0.562928 0.217354 0.572756 0.278809 0.577840 0.319478 0.582924 0.352917 0.571401 0.365118 0.594447 0.361955 0.601564 0.359244 0.624609 0.348850 0.662906 0.336650 0.701881 0.334390 0.705270 0.315863 0.702220 0.271579 0.680191 0.223228 0.679513 0.200634 0.676801
0 0.193898 0.415787 0.181457 0.408277 0.160823 0.390071 0.151720 0.370272 0.150506 0.350245 0.163250 0.325894 0.181153 0.305867 0.215520 0.282190 0.234333 0.273031 0.265688 0.263377 0.284830 0.268080 0.287801 0.271546 0.309584 0.277487 0.308924 0.280457 0.325426 0.287883 0.333677 0.286150 0.342258 0.289368 0.364702 0.283428 0.387805 0.287388 0.402657 0.295804 0.411238 0.305953 0.415529 0.312884 0.417839 0.323776 0.412558 0.338628 0.405627 0.353232 0.383184 0.379224 0.356780 0.395313 0.335657 0.391105 0.302983 0.386650 0.277899 0.387392 0.255456 0.389868 0.228062 0.396551
14 0.401062 0.293774 0.414766 0.293431 0.421618 0.292232 0.425272 0.290348 0.424359 0.274417 0.422988 0.244098 0.421618 0.214121 0.419791 0.186371 0.388500 0.186713 0.325007 0.188255 0.314729 0.189283 0.306735 0.192880 0.302624 0.198190 0.302624 0.204871 0.290290 0.204014 0.284124 0.204699 0.285723 0.207097 0.289605 0.209838 0.298970 0.213435 0.303766 0.216519 0.304908 0.229023 0.307877 0.257630 0.308705 0.276198 0.310300 0.277259 0.309545 0.280304 0.325593 0.287384 0.333995 0.285543 0.342774 0.288517 0.364109 0.282923 0.388371 0.286534
2 0.625871 0.275388 0.613790 0.282317 0.610947 0.294754 0.601471 0.302394 0.567833 0.300617 0.545091 0.291556 0.544380 0.289069 0.539642 0.282495 0.547934 0.266149 0.558831 0.240387 0.569254 0.225463 0.569017 0.217290 0.573755 0.210716 0.586310 0.209295 0.596023 0.214092 0.604788 0.220133 0.612368 0.218889 0.618528 0.221554 0.618765 0.228661 0.624213 0.236834 0.626582 0.249271 0.627767 0.259576 0.627530 0.266860
1 0.711854 0.412988 0.694568 0.415970 0.686962 0.407803 0.680911 0.401839 0.683677 0.392764 0.686616 0.385633 0.690937 0.382392 0.684016 0.379217 0.682633 0.373642 0.685053 0.367808 0.697153 0.358862 0.709081 0.351343 0.712884 0.350954 0.718934 0.345897 0.733282 0.343304 0.770101 0.340452 0.773213 0.345249 0.779436 0.347972 0.780127 0.344731 0.784276 0.346286 0.787042 0.347842 0.785140 0.353676 0.791363 0.354584 0.796549 0.359510 0.793092 0.360807 0.790326 0.366122 0.796722 0.371956 0.794993 0.381810 0.793956 0.384791 0.804155 0.385829 0.811070 0.389588 0.814181 0.394256 0.812625 0.402812 0.807958 0.403979 0.805365 0.408257 0.806230 0.412406 0.811415 0.408128 0.818330 0.408387 0.835789 0.410591 0.838555 0.424074 0.841666 0.434705 0.830085 0.441966 0.823343 0.444558 0.814700 0.450911 0.811070 0.453893 0.800352 0.459079 0.781510 0.462579 0.767508 0.465691 0.754889 0.461542 0.749358 0.454412 0.740888 0.460505 0.737603 0.460505 0.736047 0.455967 0.724984 0.453245 0.721008 0.446244 0.724120 0.440928 0.722046 0.436780 0.716514 0.436261 0.715823 0.426927 0.718243 0.421352 0.710637 0.420055
4 0.564145 0.410621 0.557321 0.416114 0.549374 0.424282 0.547166 0.425165 0.532597 0.427041 0.508903 0.419425 0.501544 0.401765 0.502133 0.399889 0.509197 0.399116 0.511993 0.395474 0.504488 0.393487 0.504782 0.385099 0.520676 0.377483 0.538630 0.374834 0.555702 0.383664 0.559528 0.387417 0.561441 0.395364 0.563649 0.403090 0.572184 0.393266 0.585724 0.378035 0.595290 0.366556 0.600735 0.368101 0.605003 0.368211 0.609859 0.371523 0.616187 0.372626 0.620014 0.370529 0.636349 0.374723 0.636791 0.367659 0.643855 0.362030 0.654009 0.353642 0.668284 0.351655 0.679175 0.352538 0.696099 0.354194 0.697423 0.356622 0.684178 0.367659 0.682118 0.372957 0.683148 0.379470 0.690065 0.382339 0.685208 0.385319 0.680058 0.402096 0.693744 0.416666 0.682559 0.420529 0.664311 0.428145 0.658552 0.430136 0.652905 0.427725 0.650733 0.430005 0.651428 0.431960 0.647432 0.433198 0.645173 0.429093 0.642219 0.426552 0.631057 0.429899 0.625844 0.423122 0.619502 0.423122 0.616027 0.419799 0.613247 0.413675 0.609772 0.415369 0.602562 0.415369 0.597436 0.413740 0.593440 0.415955 0.585274 0.416281
15 0.504209 0.392704 0.502095 0.392428 0.499429 0.394428 0.500072 0.396427 0.501084 0.399736 0.502003 0.399116 0.508989 0.398771 0.511195 0.395806 0.504117 0.393807
10 0.800951 0.462615 0.800034 0.460963 0.810444 0.455038 0.819924 0.457826 0.823270 0.459151 0.823084 0.465843 0.820667 0.479505 0.815426 0.500283 0.811176 0.507954 0.795675 0.524032 0.770645 0.524878 0.764444 0.518536 0.782485 0.513884 0.777693 0.508388 0.764162 0.508599 0.757115 0.512616 0.759370 0.515153 0.753450 0.517056 0.735169 0.518184 0.717691 0.522412 0.703315 0.514378 0.690066 0.520298 0.675690 0.515013 0.663569 0.513533 0.656521 0.507824 0.650884 0.500213 0.636507 0.492391 0.628050 0.486260 0.640172 0.488585 0.648910 0.490700 0.650320 0.488163 0.640213 0.479345 0.634057 0.467667 0.617219 0.473913 0.607442 0.476358 0.605993 0.482332 0.603640 0.491295 0.614503 0.502158 0.619754 0.508540 0.624642 0.517774 0.618124 0.520218 0.605631 0.514515 0.594390 0.502790 0.594044 0.502430 0.587345 0.482332 0.576119 0.487900 0.571050 0.488443 0.573585 0.484641 0.567972 0.484234 0.556927 0.490887 0.548599 0.491159 0.549866 0.486270 0.559281 0.470111 0.563989 0.466173 0.561092 0.459112 0.550409 0.448520 0.551858 0.447434 0.565075 0.445940 0.570688 0.448656 0.578292 0.449878 0.579197 0.451779 0.581913 0.452866 0.589698 0.448384 0.590242 0.446619 0.600200 0.439015 0.593501 0.425707 0.587526 0.421634 0.588069 0.417560 0.593863 0.416881 0.603821 0.420411 0.608890 0.424893 0.612874 0.424757 0.616676 0.425707 0.613960 0.429102 0.622289 0.431546 0.626815 0.425707 0.630742 0.430382 0.641997 0.426809 0.644492 0.429020 0.646501 0.433956 0.651264 0.432822 0.652323 0.431971 0.651642 0.430157 0.653230 0.428682 0.658749 0.431121 0.663815 0.429533 0.692449 0.430115 0.699868 0.430512 0.705167 0.433791 0.708612 0.437269 0.715898 0.438361 0.717487 0.437269 0.721462 0.437070 0.723184 0.440150 0.719607 0.445714 0.723979 0.453861 0.734842 0.456544 0.737187 0.460777 0.740803 0.461015 0.749414 0.455053 0.754713 0.461710 0.767779 0.466253 0.789911 0.462785 0.790836 0.465883 0.794473 0.468888 0.800866 0.466237
15 0.799579 0.461121 0.800688 0.462645 0.800503 0.466075 0.794083 0.468222 0.791035 0.465555 0.790342 0.462160 0.792928 0.461225
15 0.706531 0.420098 0.698205 0.420036 0.695567 0.417130 0.697051 0.415770 0.711312 0.413606 0.710158 0.420098 0.717577 0.421520 0.714939 0.426775 0.716010 0.435986 0.716587 0.436728 0.716175 0.437718 0.709168 0.436914 0.705871 0.433514 0.699524 0.429804 0.697051 0.428877 0.696639 0.425909 0.702656 0.424673 0.708839 0.421025
15 0.504280 0.445943 0.513614 0.448971 0.514118 0.459376 0.507307 0.457863
15 0.518742 0.475033 0.521804 0.473107 0.523582 0.474070 0.525755 0.477182 0.529410 0.485775 0.529015 0.488146 0.523582 0.488961 0.522101 0.488294
15 0.533790 0.499317 0.520851 0.497836 0.520357 0.500280 0.521641 0.503095 0.530531 0.503392 0.530333 0.505096 0.526876 0.505244 0.521937 0.506503 0.521937 0.514504 0.519848 0.525476 0.517879 0.529379 0.521114 0.534232 0.524490 0.537818 0.524229 0.543183 0.522823 0.544027 0.521979 0.545082 0.522542 0.550567 0.525073 0.555104 0.524089 0.563332 0.524089 0.569029 0.536467 0.565442 0.531262 0.576519 0.534638 0.578734 0.535482 0.581371 0.532809 0.586435 0.534497 0.593503 0.542655 0.597512 0.545187 0.605529 0.547860 0.611859 0.555596 0.613969 0.560660 0.611120 0.574585 0.598039 0.582180 0.597406 0.588650 0.601099 0.605951 0.605002 0.619595 0.609643 0.641116 0.613441 0.646460 0.613230 0.665027 0.614391 0.687814 0.613758 0.692455 0.616711 0.709053 0.617133 0.717211 0.613758 0.724385 0.614918 0.745061 0.612492 0.760674 0.610909 0.766722 0.614496 0.772489 0.613863 0.773052 0.611226 0.786274 0.611120 0.788665 0.609011 0.795557 0.609011 0.807091 0.608589 0.812436 0.609432 0.828330 0.609327 0.828893 0.605213 0.829174 0.601626 0.829456 0.599938 0.824814 0.597723 0.833675 0.596140 0.840005 0.595402 0.838176 0.588228 0.831003 0.582215 0.833957 0.578840 0.831143 0.573354 0.828752 0.560378 0.824251 0.540757 0.819750 0.536748 0.817218 0.529785 0.824111 0.529258 0.828612 0.527465 0.827346 0.524722 0.821438 0.523667 0.816656 0.524300 0.819047 0.520924 0.823267 0.517337 0.820875 0.515122 0.817218 0.512801 0.815249 0.510164 0.811311 0.509003 0.796401 0.524511 0.769536 0.525460 0.763347 0.518392 0.781632 0.513539 0.777834 0.509003 0.764191 0.509109 0.758142 0.512590 0.760252 0.515544 0.753782 0.517654 0.734934 0.518709 0.717774 0.522823 0.703427 0.515016 0.694847 0.519131 0.693721 0.520924 0.698926 0.524405 0.695409 0.525460 0.694565 0.524300 0.690486 0.520818 0.684438 0.521662 0.679374 0.524616 0.676280 0.522084 0.678390 0.518498 0.675436 0.515755 0.663058 0.514278 0.655181 0.507843 0.650821 0.501091 0.635489 0.492652 0.626487 0.485689 0.648570 0.490015 0.648992 0.488221 0.639428 0.479676 0.633661 0.468177 0.617485 0.473874 0.608202 0.476511 0.604545 0.490542 0.614953 0.499825 0.621986 0.507632 0.625643 0.518076 0.631973 0.517654 0.633801 0.517654 0.626768 0.523878 0.621705 0.522823 0.612421 0.523456 0.600747 0.524827 0.601872 0.520818 0.603138 0.519447 0.600044 0.515438 0.604967 0.515227 0.593995 0.503518 0.587384 0.484212 0.584993 0.485162 0.583727 0.489382 0.583024 0.496239 0.579789 0.495395 0.574022 0.500986 0.560800 0.499403 0.558268 0.500353 0.554893 0.498559 0.550673 0.500458 0.554049 0.511957 0.558409 0.514594 0.563051 0.511852 0.559534 0.502885 0.565020 0.502674 0.566286 0.505733 0.574022 0.506260 0.580211 0.507315 0.582321 0.510480 0.588791 0.510375 0.593433 0.513856 0.596246 0.517126 0.593292 0.525988 0.590901 0.521135 0.587666 0.515649 0.583727 0.515333 0.579648 0.516599 0.576413 0.518287 0.579086 0.524405 0.580352 0.528730 0.576273 0.530946 0.572756 0.535271 0.564598 0.533583 0.553486 0.537064 0.547438 0.539280 0.546735 0.544765 0.540968 0.542972 0.540686 0.541495 0.546313 0.538647 0.548000 0.533794 0.548282 0.526832 0.542093 0.525460 0.537451 0.519869 0.539702 0.517654 0.546594 0.516599 0.548563 0.516388 0.548282 0.512695 0.541952 0.505627