19 0.096321 0.517665 0.072828 0.500045 0.060142 0.479254 0.054503 0.450006 0.055443 0.429214 0.072358 0.400671 0.101019 0.378118 0.158342 0.356974 0.228351 0.357326 0.268758 0.367193 0.290550 0.378636 0.311515 0.392918 0.333129 0.417586 0.350513 0.444367 0.363200 0.460577 0.379645 0.507093 0.366958 0.520484 0.352863 0.538456 0.319973 0.547266 0.294131 0.551847 0.266409 0.550790 0.231170 0.549380 0.178546 0.545152 0.134849 0.536694
12 0.245198 0.266594 0.262161 0.274227 0.273187 0.282815 0.279549 0.293629 0.280397 0.303171 0.280397 0.327981 0.279549 0.337841 0.274884 0.343884 0.256224 0.345156 0.217557 0.344783 0.196776 0.343193 0.176844 0.336831 0.158185 0.322200 0.150975 0.307887 0.154368 0.289440 0.163698 0.275763 0.189567 0.263994 0.214164 0.259541
14 0.278792 0.343524 0.275553 0.345144 0.270153 0.347088 0.262918 0.346926 0.261622 0.365149 0.269289 0.366283 0.275484 0.369490 0.285959 0.372892 0.297514 0.380505 0.311877 0.390305 0.328507 0.409014 0.335959 0.417276 0.356153 0.418410 0.366304 0.418329 0.374295 0.416142 0.379371 0.413145 0.382611 0.408204 0.383583 0.397999 0.384339 0.382530 0.385526 0.363334 0.388010 0.338227 0.389954 0.315873 0.387794 0.313848 0.384231 0.311985 0.370408 0.311661 0.358313 0.310932 0.357341 0.319922 0.355829 0.324944 0.348594 0.334015 0.342870 0.332962 0.326348 0.325511 0.318788 0.317330 0.316520 0.310689 0.307989 0.309798 0.290063 0.308502 0.283907 0.309231 0.283259 0.327131 0.281963 0.337255 0.281316 0.340980
9 0.357734 0.311141 0.356203 0.320950 0.354259 0.325283 0.348310 0.333255 0.343072 0.332592 0.326995 0.325068 0.319687 0.317096 0.317162 0.309771 0.312777 0.305287 0.312844 0.296318 0.314571 0.293179 0.315169 0.288396 0.316232 0.276138 0.317494 0.262984 0.317561 0.250577 0.317162 0.241061 0.318823 0.223571 0.318557 0.206182 0.319886 0.203890 0.312578 0.198559 0.307197 0.193725 0.306998 0.188494 0.301749 0.182066 0.302879 0.180820 0.312844 0.179276 0.336163 0.179176 0.349583 0.178130 0.360279 0.177631 0.372436 0.179425 0.385524 0.180322 0.398944 0.180521 0.411766 0.181368 0.432162 0.181618 0.442526 0.181966 0.463054 0.186451 0.468037 0.185305 0.481390 0.178528 0.491688 0.174044 0.494744 0.176635 0.505373 0.183611 0.512416 0.190088 0.514076 0.192679 0.512681 0.194323 0.502317 0.199406 0.490268 0.203668 0.474623 0.206708 0.471900 0.209549 0.469651 0.213278 0.473202 0.221092 0.479003 0.230504 0.481016 0.244178 0.482555 0.259361 0.484686 0.274545 0.487883 0.286621 0.483621 0.290705 0.474268 0.300827 0.469887 0.304734 0.465389 0.305089 0.462310 0.305889 0.456273 0.309174 0.452603 0.313081 0.432121 0.312370 0.408562 0.309707 0.377780 0.306510 0.367244 0.303758 0.359430 0.305533
5 0.571091 0.271676 0.556629 0.271001 0.540112 0.270145 0.518070 0.272833 0.511977 0.263425 0.502121 0.240174 0.492803 0.217998 0.491369 0.213025 0.493519 0.207380 0.499612 0.202407 0.513769 0.198779 0.548713 0.193134 0.599786 0.185473 0.630071 0.181172 0.638493 0.181038 0.644407 0.182382 0.650679 0.186279 0.654442 0.189639 0.658563 0.199719 0.669853 0.227406 0.673796 0.242324 0.677738 0.249985 0.678276 0.254421 0.671466 0.257243 0.638314 0.262485 0.588854 0.269339
3 0.812253 0.375426 0.803171 0.384250 0.756481 0.383298 0.727172 0.383452 0.721599 0.380511 0.720979 0.363018 0.720154 0.323233 0.730680 0.307753 0.750289 0.307598 0.768659 0.308217 0.806225 0.310694 0.808909 0.311158 0.810147 0.321840 0.810766 0.332676 0.811179 0.349705 0.812211 0.365495
0 0.653093 0.391050 0.649596 0.391195 0.646099 0.393964 0.648236 0.397024 0.641047 0.398919 0.628806 0.396296 0.624726 0.396441 0.620063 0.394693 0.611902 0.393090 0.605296 0.393673 0.600244 0.395713 0.587167 0.391412 0.577258 0.386458 0.565795 0.384272 0.560549 0.386021 0.552582 0.388644 0.548114 0.393015 0.543062 0.395056 0.537233 0.394473 0.535290 0.394327 0.526352 0.397679 0.519940 0.401030 0.511391 0.401322 0.498568 0.398407 0.482635 0.391412 0.459514 0.376549 0.445330 0.359645 0.441444 0.344927 0.440473 0.328897 0.449799 0.317385 0.456605 0.309646 0.463261 0.306152 0.468733 0.305764 0.476599 0.301045 0.488948 0.288233 0.496787 0.280968 0.508766 0.275643 0.518232 0.273647 0.539825 0.270874 0.548033 0.271040 0.569034 0.272648 0.585895 0.273980 0.594029 0.274312 0.614883 0.279359 0.636402 0.286126 0.657329 0.295831 0.676038 0.304927 0.690014 0.313357 0.694525 0.318681 0.694895 0.321233 0.692085 0.323728 0.691419 0.326834 0.691050 0.332270 0.688387 0.333434 0.687648 0.335764 0.687352 0.336817 0.685356 0.338537 0.685282 0.340422 0.686687 0.343195 0.685651 0.346246 0.682841 0.350073 0.679366 0.353012 0.678552 0.357394 0.680475 0.360555 0.682176 0.363217 0.685577 0.364936 0.686317 0.372812 0.687204 0.376861 0.683433 0.378968 0.677517 0.382518 0.672858 0.382795 0.667164 0.382629 0.663097 0.384902 0.661914 0.385790 0.657699 0.385845 0.657033 0.386511 0.656664 0.388674 0.655332 0.390393
4 0.669409 0.543506 0.645279 0.551484 0.635419 0.559852 0.636976 0.582619 0.646576 0.584760 0.667333 0.591960 0.677712 0.588457 0.697171 0.584176 0.701582 0.569387 0.703658 0.556933 0.698468 0.554403 0.707550 0.551679 0.706771 0.545841 0.709106 0.542727 0.716890 0.544284 0.718187 0.548760 0.722339 0.548954 0.729085 0.547592 0.732458 0.538251 0.730123 0.533192 0.734274 0.532219 0.737128 0.522100 0.718187 0.506727 0.691722 0.509646 0.670447 0.512370 0.667074 0.527938 0.662144 0.536695
4 0.548137 0.638887 0.541608 0.625696 0.539076 0.620800 0.540275 0.618002 0.548003 0.618102 0.554532 0.614504 0.559462 0.615304 0.563859 0.614604 0.569055 0.609907 0.573997 0.606974 0.578127 0.604975 0.580392 0.603876 0.587454 0.603176 0.594516 0.607173 0.604775 0.616267 0.607440 0.618765 0.609705 0.622163 0.607706 0.625660 0.602910 0.632156 0.594649 0.642549 0.591185 0.645646 0.587854 0.646846 0.582791 0.646346 0.585056 0.648944 0.589053 0.649444 0.590252 0.653241 0.589719 0.659537 0.592517 0.661135 0.595582 0.658937 0.596514 0.654840 0.608772 0.649744 0.619431 0.653141 0.625827 0.653341 0.647545 0.650743 0.666199 0.650743 0.668997 0.654040 0.673927 0.656439 0.686718 0.653841 0.692580 0.650943 0.697377 0.645447 0.712966 0.635154 0.719228 0.635853 0.732019 0.639051 0.740280 0.641349 0.740280 0.646046 0.740813 0.649344 0.740147 0.652841 0.741879 0.657738 0.742945 0.666831 0.737349 0.675525 0.730953 0.677124 0.720827 0.676625 0.717096 0.675725 0.707503 0.675625 0.705105 0.676625 0.693113 0.676325 0.686584 0.667331 0.682321 0.676525 0.677391 0.688216 0.657538 0.694712 0.649544 0.696411 0.631157 0.689116 0.621830 0.682920 0.616367 0.691814 0.606907 0.698209 0.586921 0.695112 0.581458 0.686618 0.584523 0.679523 0.574263 0.680822 0.568934 0.672727 0.556143 0.669130 0.551746 0.673727 0.552430 0.673932 0.555077 0.674726 0.562138 0.676924 0.566669 0.681022 0.568667 0.683120 0.566269 0.685618 0.561739 0.686618 0.550280 0.683220 0.533625 0.672727 0.532293 0.668930 0.529628 0.657538 0.537089 0.652142 0.542152 0.654940 0.548814 0.659836 0.558541 0.665732 0.561472 0.666931 0.565336 0.665732 0.564403 0.662335 0.566935 0.661235 0.557475 0.650843 0.550331 0.651302 0.546322 0.651913 0.542368 0.654747 0.537239 0.651986 0.546603 0.646532 0.553824 0.641522
15 0.566722 0.661233 0.564135 0.662268 0.565101 0.665604 0.561480 0.666768 0.558734 0.665458 0.549147 0.659742 0.542629 0.654931 0.546423 0.652112 0.550354 0.651543 0.557320 0.651052 0.563459 0.657776
15 0.552164 0.673674 0.556420 0.669622 0.568533 0.673142 0.574098 0.681572 0.576663 0.681408 0.574044 0.683331 0.567496 0.684886 0.569297 0.683045 0.567169 0.680671 0.562422 0.676497
15 0.529395 0.656966 0.531592 0.655209 0.528150 0.652408 0.524123 0.652683 0.521926 0.656197 0.522219 0.660645 0.525295 0.672562 0.529468 0.678713 0.537523 0.682283 0.544552 0.684809 0.542502 0.686566 0.535985 0.693760 0.537303 0.697879 0.547042 0.700185 0.554437 0.700954 0.562052 0.697549 0.558977 0.691454 0.550336 0.687884 0.550410 0.684040 0.546529 0.681459 0.532983 0.673002 0.529029 0.658559
15 0.591888 0.652526 0.593677 0.647962 0.597053 0.642171 0.600070 0.640713 0.606359 0.639102 0.606871 0.641519 0.608405 0.645239 0.611269 0.648959 0.611575 0.650301 0.608609 0.649266 0.596183 0.654635 0.595212 0.658969 0.592552 0.660618 0.590200 0.659468 0.590609 0.652871
15 0.668064 0.651827 0.668852 0.653009 0.674030 0.655879 0.685849 0.653768 0.691927 0.650307 0.696655 0.645242 0.710951 0.635364 0.715791 0.634098 0.714102 0.632663 0.723895 0.632747 0.724458 0.630552 0.724008 0.627682 0.713089 0.626416 0.712414 0.624558 0.713877 0.623376 0.721081 0.624305 0.732901 0.618986 0.734636 0.611960 0.719253 0.616885 0.702557 0.618830 0.703853 0.621626 0.703853 0.625274 0.701908 0.628313 0.703367 0.632204 0.703529 0.633663 0.695748 0.635121 0.690075 0.631960 0.680348 0.640836
15 0.741022 0.652452 0.742135 0.655930 0.743508 0.667370 0.746856 0.669414 0.757057 0.669181 0.765390 0.666786 0.766713 0.661763 0.759705 0.651076 0.756279 0.646637 0.750127 0.646579 0.741405 0.646987 0.741873 0.649499
15 0.743547 0.676040 0.743711 0.679415 0.748130 0.681134 0.751894 0.681809 0.754104 0.678188 0.748785 0.674321 0.744775 0.674567
15 0.723642 0.677509 0.726179 0.679411 0.730434 0.677693 0.736653 0.676834 0.739190 0.677263 0.738126 0.680762 0.731498 0.684260 0.726260 0.686040 0.720123 0.685794 0.720450 0.682173 0.718568 0.680700 0.710549 0.681498 0.705393 0.677263 0.707685 0.676220 0.716850 0.676036 0.720287 0.677202
15 0.668136 0.709521 0.666791 0.714451 0.675755 0.714451 0.686811 0.710641 0.686363 0.707952 0.676652 0.706047
10 0.736497 0.610459 0.719078 0.615729 0.702860 0.617316 0.695808 0.614407 0.698981 0.612556 0.711321 0.608193 0.697924 0.604755 0.693340 0.599467 0.698981 0.586642 0.699334 0.578444 0.703014 0.567154 0.704500 0.560022 0.710621 0.556546 0.708891 0.552960 0.707629 0.547992 0.709101 0.543734 0.715725 0.544364 0.716356 0.546257 0.718144 0.549569 0.719511 0.554064 0.728343 0.549017 0.737490 0.546257 0.749056 0.547125 0.758099 0.553512 0.763041 0.557376 0.780285 0.554222 0.794269 0.553118 0.806781 0.556509 0.814247 0.563764 0.806256 0.573463 0.787119 0.584583 0.763987 0.596017 0.746954 0.603667
15 0.743797 0.606711 0.743307 0.609563 0.747907 0.612047 0.753426 0.611219 0.757365 0.607260 0.761965 0.600130 0.758653 0.599210 0.747798 0.603810
15 0.592607 0.605660 0.587883 0.602797 0.585425 0.602991 0.586201 0.600128 0.588272 0.598042 0.587625 0.595082 0.588789 0.591927 0.593707 0.591296 0.593901 0.593626 0.594354 0.601050 0.594160 0.605369
15 0.591373 0.581565 0.579158 0.584130 0.576813 0.586402 0.579647 0.588161 0.581406 0.589407 0.585608 0.587868 0.595282 0.585816 0.595379 0.583911 0.595477 0.582152 0.597725 0.583104 0.599972 0.584937 0.601047 0.584790 0.603783 0.586256 0.610330 0.588235 0.612480 0.590946 0.615216 0.593218 0.620688 0.593804 0.622056 0.592192 0.620704 0.582570 0.620216 0.576707 0.618262 0.575168 0.620998 0.570477 0.615330 0.564394 0.620118 0.562049 0.624809 0.556772 0.622757 0.552155 0.626372 0.552155 0.630672 0.552155 0.634385 0.552961 0.631747 0.554794 0.627642 0.558165 0.626372 0.561023 0.627056 0.561976 0.631844 0.559924 0.634385 0.559851 0.637805 0.556626 0.643766 0.551422 0.658521 0.546366 0.668684 0.543507 0.661746 0.537571 0.654515 0.534566 0.653245 0.531488 0.639271 0.524745 0.636632 0.526138 0.634874 0.529069 0.639369 0.531928 0.636339 0.533320 0.630672 0.532954 0.628229 0.531708 0.622561 0.529729 0.616991 0.530682 0.611714 0.533980 0.613766 0.537278 0.617968 0.538450 0.622073 0.538963 0.624418 0.537424 0.626861 0.538230 0.629890 0.540283 0.628229 0.541822 0.625199 0.544094 0.622366 0.543654 0.619532 0.542481 0.609858 0.544533 0.607903 0.546219 0.602040 0.549150 0.597545 0.554134 0.590998 0.554207 0.583963 0.557139 0.575754 0.557799 0.571343 0.559118 0.572725 0.562515 0.568154 0.565776 0.575986 0.571358 0.578834 0.574135 0.586381 0.576271
10 0.565310 0.555859 0.567668 0.557472 0.569957 0.559241 0.570998 0.558772 0.572038 0.562258 0.569402 0.563714 0.564477 0.564911 0.560108 0.562414 0.553171 0.562258 0.545819 0.558200 0.544015 0.554767 0.544432 0.553778 0.538258 0.551281 0.531599 0.545975 0.528755 0.542177 0.533888 0.539108 0.542767 0.538067 0.552824 0.538588 0.551437 0.541189 0.539437 0.542229 0.539229 0.545819 0.541657 0.550657 0.545056 0.552270 0.552755 0.553206 0.555946 0.553674 0.559691 0.555391
10 0.516811 0.512641 0.514399 0.505481 0.509677 0.505029 0.506461 0.506687 0.504954 0.512189 0.504954 0.513771 0.509978 0.514073 0.514500 0.519047 0.512691 0.525227 0.508471 0.530126 0.506762 0.532010 0.512892 0.532085 0.518821 0.532839 0.525353 0.536532 0.531483 0.536909 0.534698 0.534874 0.534497 0.531332 0.534397 0.526961 0.529875 0.524247 0.525252 0.522212 0.517615 0.516861
1 0.586249 0.576468 0.590937 0.581336 0.579147 0.583853 0.576406 0.586334 0.581227 0.589844 0.585625 0.588392 0.595242 0.586365 0.593167 0.588463 0.592130 0.590914 0.588472 0.591756 0.587403 0.595032 0.588063 0.598026 0.586021 0.599982 0.585078 0.603141 0.580301 0.603730 0.573073 0.607100 0.568799 0.609622 0.563896 0.614431 0.559433 0.615091 0.554594 0.614337 0.547994 0.617896 0.540169 0.617636 0.538723 0.618013 0.533098 0.616953 0.527126 0.616670 0.524424 0.618013 0.518955 0.615326 0.508516 0.611413 0.501899 0.608060 0.499197 0.595191 0.502320 0.580644 0.504786 0.570288 0.506594 0.563508 0.506265 0.559686 0.496239 0.544893 0.492623 0.537250 0.494102 0.532442 0.506615 0.532533 0.516184 0.533091 0.518911 0.535880 0.521786 0.537627 0.522381 0.540230 0.533735 0.549750 0.538446 0.552725 0.543354 0.554435 0.545585 0.558637 0.553022 0.562728 0.559815 0.562690 0.564536 0.565129 0.569395 0.563942 0.568099 0.565453 0.567847 0.565939 0.571051 0.568099 0.575910 0.571393 0.578357 0.574254
1 0.514038 0.504335 0.515838 0.500453 0.514488 0.498512 0.518763 0.494800 0.522701 0.489653 0.527989 0.487543 0.527201 0.485855 0.530801 0.483240 0.541152 0.484337 0.553815 0.487084 0.556565 0.491593 0.562866 0.496234 0.588967 0.499609 0.618331 0.502056 0.635319 0.507203 0.635544 0.507963 0.633294 0.509566 0.621143 0.511254 0.608880 0.511929 0.605393 0.514629 0.602355 0.515557 0.607080 0.516738 0.606968 0.518341 0.604268 0.519776 0.605505 0.523067 0.606068 0.532939 0.605055 0.540280 0.605505 0.544415 0.598530 0.550659 0.589642 0.553190 0.574341 0.557493 0.570516 0.557578 0.565678 0.555046 0.559603 0.554456 0.553640 0.552093 0.549702 0.546693 0.548015 0.542811 0.552628 0.540871 0.556003 0.533108 0.560728 0.530576 0.564103 0.524248 0.560953 0.517582 0.552403 0.523067 0.537889 0.526864 0.531026 0.524079 0.525626 0.521379 0.518201 0.516738 0.514826 0.505010
15 0.513907 0.498412 0.515364 0.500542 0.513397 0.504511 0.509537 0.504511 0.505750 0.506150 0.498976 0.503801 0.499049 0.498284 0.493368 0.498175 0.493150 0.495007 0.495699 0.485830 0.502326 0.484082 0.503856 0.480859 0.511212 0.481460 0.516529 0.483863 0.518058 0.487305 0.521846 0.485502 0.523448 0.482279 0.521554 0.480313 0.523229 0.478565 0.530076 0.479056 0.537723 0.482552 0.541146 0.480422 0.552799 0.480968 0.546900 0.476107 0.540928 0.471627 0.538888 0.465291 0.544060 0.462942 0.544934 0.460866 0.541001 0.459610 0.535829 0.459992 0.532261 0.457589 0.527527 0.455841 0.528401 0.453274 0.535684 0.451143 0.544642 0.449942 0.545880 0.452564 0.545880 0.453711 0.549813 0.453765 0.553965 0.453711 0.561831 0.451362 0.566201 0.447374 0.569478 0.448521 0.569624 0.447811 0.569332 0.446282 0.573921 0.444206 0.577271 0.443551 0.578655 0.445025 0.583316 0.445736 0.585938 0.442622 0.594023 0.443824 0.598028 0.441420 0.604001 0.441584 0.608225 0.442076 0.610556 0.440328 0.618859 0.441202 0.624258 0.444216 0.624141 0.447180 0.619473 0.446610 0.616367 0.451625 0.619850 0.453736 0.627625 0.456687 0.624547 0.467515 0.617725 0.474540 0.626677 0.480800 0.629393 0.486667 0.635695 0.490733 0.636068 0.499052 0.638115 0.499571 0.641968 0.495930 0.643909 0.491922 0.651827 0.493479 0.652380 0.483960 0.656716 0.483405 0.661577 0.485273 0.668024 0.484931 0.674280 0.493302 0.681740 0.492020 0.678979 0.483011 0.682687 0.479428 0.687431 0.478577 0.692598 0.477814 0.697413 0.478418 0.698180 0.473770 0.698494 0.470157 0.693184 0.468295 0.682818 0.468127 0.676880 0.467217 0.674757 0.459383 0.670565 0.460376 0.661315 0.457130 0.658966 0.452559 0.654050 0.450532 0.643054 0.452627 0.636538 0.452415 0.631138 0.454964 0.625142 0.448071 0.625124 0.444428 0.630238 0.444378 0.633786 0.445709 0.638399 0.445265 0.641002 0.443846 0.646561 0.442781 0.649282 0.439765 0.655196 0.437902 0.662530 0.435418 0.665133 0.430361 0.676843 0.430006 0.683467 0.432845 0.693995 0.430982 0.707361 0.432845 0.712093 0.433909 0.719900 0.433200 0.744977 0.434619 0.752547 0.433909 0.755978 0.435240 0.759881 0.437281 0.763548 0.436571 0.764139 0.438079 0.767925 0.447572 0.771237 0.453338 0.773484 0.457685 0.776441 0.467000 0.771710 0.476138 0.766623 0.478711 0.760473 0.474896 0.760354 0.476493 0.766505 0.480574 0.765441 0.484123 0.764139 0.485542 0.767688 0.485986 0.769108 0.488470 0.772065 0.491486 0.776323 0.492905 0.770882 0.496809 0.766150 0.496898 0.766150 0.498672 0.760236 0.501511 0.756214 0.500801 0.753612 0.502043 0.756096 0.505947 0.750300 0.507277 0.751483 0.511270 0.754913 0.511713 0.764731 0.516060 0.767925 0.517835 0.772893 0.518633 0.773721 0.517568 0.780818 0.517036 0.783184 0.517835 0.782829 0.522093 0.782119 0.524577 0.783657 0.528569 0.788388 0.528747 0.789098 0.531408 0.790044 0.536731 0.791937 0.539393 0.793238 0.545336 0.801873 0.544538 0.809799 0.545958 0.813939 0.554829 0.812992 0.561572 0.807078 0.555273 0.793475 0.551990 0.779872 0.553321 0.763193 0.556692 0.749708 0.546312 0.738471 0.545425 0.729977 0.547875 0.733163 0.538277 0.730646 0.533256 0.734720 0.532237 0.737488 0.521778 0.718268 0.506188 0.669893 0.511750 0.668971 0.515206 0.666759 0.524952 0.665469 0.526058 0.660953 0.523777 0.663349 0.520598 0.654687 0.520528 0.652106 0.519077 0.646669 0.521634 0.638375 0.520183 0.630265 0.515690 0.625841 0.512511 0.628975 0.511059 0.633675 0.510645 0.636624 0.507119 0.624367 0.503180 0.625657 0.500346 0.619575 0.495715 0.613031 0.499862 0.588886 0.498549 0.563517 0.495738 0.558060 0.491645 0.554178 0.486425 0.541446 0.483266 0.529193 0.482548 0.526512 0.485492 0.527469 0.487215 0.522204 0.489154 0.518471 0.494754
15 0.597924 0.432803 0.597924 0.435710 0.602870 0.436813 0.616504 0.432602 0.616772 0.430297 0.615970 0.428592 0.607682 0.429494
15 0.618777 0.437615 0.620515 0.440422 0.626263 0.439821 0.634550 0.437816 0.639764 0.436913 0.640699 0.435911 0.638026 0.433003 0.624525 0.435109
10 0.777225 0.466434 0.780662 0.469607 0.787403 0.473076 0.792162 0.472878 0.795731 0.475357 0.797846 0.478430 0.795731 0.483188 0.794277 0.485667 0.785817 0.484279 0.778679 0.480115 0.773921 0.481206 0.767840 0.478826 0.772202 0.476249