2 0.230407 0.553039 0.253285 0.558247 0.250833 0.567133 0.247974 0.581839 0.256553 0.587355 0.266357 0.590418 0.275753 0.600529 0.271668 0.613091 0.257778 0.641280 0.258595 0.646488 0.236944 0.653842 0.213249 0.653842 0.198542 0.648020 0.203445 0.644037 0.207938 0.640054 0.204262 0.632394 0.197725 0.631475 0.199768 0.615236 0.192823 0.609721 0.190372 0.595933 0.195683 0.583984 0.198542 0.580614 0.200176 0.574180 0.203445 0.570197 0.203253 0.566005 0.209961 0.557333 0.217531 0.553828
14 0.337706 0.434902 0.329621 0.437107 0.317862 0.437382 0.282953 0.421397 0.240326 0.401829 0.236651 0.396317 0.238121 0.386947 0.252452 0.375371 0.274501 0.356079 0.294712 0.336236 0.307206 0.324385 0.318597 0.316117 0.329254 0.314739 0.339543 0.316668 0.360856 0.326038 0.397603 0.342575 0.417447 0.351394 0.421856 0.353599 0.422224 0.356906 0.420387 0.359386 0.398338 0.380057 0.356447 0.418365
12 0.291404 0.337614 0.267519 0.358560 0.246940 0.366001 0.224892 0.368206 0.191085 0.366001 0.167934 0.364347 0.159850 0.360764 0.159115 0.341197 0.165362 0.311707 0.179693 0.294620 0.201374 0.285800 0.224525 0.282493 0.244001 0.282769 0.264579 0.289108 0.278175 0.297651 0.286995 0.307849 0.291037 0.317495 0.293609 0.329621
8 0.579988 0.300157 0.544847 0.306212 0.520153 0.303006 0.497359 0.296239 0.478838 0.284130 0.466491 0.269171 0.462062 0.138191 0.537093 0.130712 0.656764 0.117178 0.656289 0.121451 0.653440 0.130712 0.649166 0.149588 0.644417 0.165259 0.642043 0.178794 0.629221 0.212985 0.614025 0.267478 0.610700 0.277807 0.601203 0.287067 0.588856 0.295259
5 0.494210 0.398489 0.488212 0.399345 0.479073 0.398917 0.469648 0.394847 0.464221 0.387564 0.452109 0.360074 0.439543 0.335440 0.437543 0.327943 0.442684 0.323231 0.454965 0.321731 0.493521 0.315091 0.523510 0.310165 0.540360 0.307594 0.564637 0.303953 0.578631 0.302239 0.586342 0.301811 0.592626 0.302453 0.601194 0.306309 0.604050 0.309736 0.613475 0.331799 0.611761 0.352362 0.625470 0.367142 0.626041 0.369927 0.621757 0.375710 0.614046 0.378709 0.579202 0.383850 0.531507 0.391776
3 0.632896 0.376781 0.626041 0.365857 0.612903 0.351506 0.615188 0.317019 0.620900 0.314663 0.644605 0.312307 0.676878 0.309950 0.701440 0.309094 0.700869 0.317019 0.694586 0.323017 0.722289 0.330085 0.732571 0.332656 0.735427 0.330728 0.736855 0.328158 0.735998 0.324730 0.736569 0.318518 0.738854 0.316805 0.743424 0.319804 0.754277 0.326230 0.760846 0.331156 0.765701 0.334155 0.788835 0.330728 0.805400 0.323445 0.807970 0.328800 0.812825 0.347864 0.812540 0.353433 0.812540 0.362644 0.816253 0.370355 0.819680 0.381708 0.819394 0.393703 0.806256 0.397131 0.799402 0.389848 0.792833 0.388348 0.771413 0.391990 0.754848 0.393489 0.735998 0.390062 0.720861 0.384493 0.696299 0.388348 0.666311 0.390490 0.655458 0.391133
9 0.347150 0.428832 0.345665 0.441642 0.341581 0.455008 0.338239 0.471716 0.337497 0.488702 0.334898 0.508194 0.332299 0.516270 0.338239 0.521004 0.355690 0.523788 0.370912 0.525181 0.385021 0.529357 0.386506 0.530750 0.381308 0.536319 0.367942 0.548293 0.360516 0.549407 0.356803 0.549964 0.300368 0.550242 0.235394 0.548850 0.164479 0.548850 0.141088 0.549964 0.138117 0.539939 0.137004 0.529636 0.137375 0.521561 0.135890 0.502625 0.135518 0.483411 0.141459 0.461970 0.125123 0.444983 0.133291 0.437465 0.135890 0.434402 0.147771 0.428554 0.157796 0.436629 0.164479 0.442199 0.167820 0.446654 0.177474 0.450553 0.187498 0.452780 0.213488 0.449160 0.247275 0.445819 0.285517 0.444148 0.308165 0.441085 0.319905 0.438246 0.329592 0.437464 0.338691 0.435739
10 0.726291 0.592156 0.709041 0.587843 0.726291 0.574636 0.737072 0.573828 0.742822 0.578679 0.743182 0.583800 0.744619 0.588652 0.747135 0.589460 0.745697 0.595659 0.741025 0.599163 0.730963 0.601589 0.724854 0.600241
10 0.659807 0.453618 0.663042 0.460625 0.664120 0.463860 0.678854 0.470059 0.677057 0.460895 0.689635 0.463051 0.700057 0.461164 0.695745 0.457930 0.707245 0.455235 0.719104 0.445262 0.724135 0.457391 0.729166 0.459817 0.734197 0.468711 0.732401 0.470059 0.725572 0.468711 0.721260 0.463860 0.715869 0.463860 0.714791 0.467094 0.720541 0.471946 0.723057 0.480031 0.724135 0.490274 0.725932 0.495664 0.726651 0.506176 0.734197 0.503750 0.745697 0.503211 0.758994 0.513184 0.769057 0.521539 0.785588 0.518574 0.788822 0.521808 0.784869 0.528008 0.778760 0.529625 0.770494 0.530703 0.772291 0.535824 0.768697 0.546066 0.763666 0.547683 0.753963 0.545527 0.752525 0.540945 0.741025 0.543910 0.746775 0.547144 0.753604 0.547144 0.747854 0.551457 0.738151 0.556039 0.710838 0.559812 0.666276 0.560621 0.647948 0.560351 0.641839 0.551726 0.641479 0.545797 0.632136 0.525043 0.627105 0.512375 0.614167 0.505906 0.608417 0.498629 0.602667 0.493238 0.596198 0.494047 0.593683 0.489734 0.598714 0.487578 0.592605 0.483805 0.600511 0.477067 0.603386 0.478414 0.602308 0.465746 0.595120 0.465746 0.588652 0.453887 0.597995 0.452539 0.599073 0.448766 0.614526 0.449036 0.633933 0.450114 0.632136 0.453079
10 0.677776 0.453079 0.683526 0.449844 0.690713 0.442028 0.687838 0.437985 0.678135 0.434481 0.666995 0.436098 0.674901 0.438254 0.677776 0.444184
15 0.734559 0.499707 0.729348 0.496803 0.730241 0.494570 0.737463 0.493788 0.745427 0.492509 0.749150 0.495301 0.747810 0.496809 0.744608 0.497870
15 0.768838 0.546680 0.763518 0.547902 0.758524 0.547006 0.758850 0.549774 0.764170 0.555556 0.770032 0.555556 0.770901 0.553846 0.768730 0.549612 0.769164 0.547902
10 0.756288 0.629369 0.751760 0.632920 0.741881 0.636933 0.740851 0.632611 0.743115 0.619799 0.735912 0.615631 0.727061 0.611926 0.725826 0.604670 0.738793 0.602972 0.746614 0.601274 0.748879 0.606832 0.753407 0.606214 0.756494 0.605597 0.756494 0.608993 0.757112 0.625665
10 0.783869 0.605288 0.772754 0.604670 0.768020 0.601429 0.765139 0.592012 0.766168 0.590160 0.773989 0.589697 0.777282 0.593093 0.779546 0.598959 0.777900 0.600502
15 0.769155 0.603027 0.764482 0.604838 0.753399 0.603742 0.755104 0.596708 0.755469 0.591685 0.747431 0.594151 0.747675 0.588670 0.753390 0.583311 0.754730 0.581301 0.752294 0.576643 0.757165 0.574816 0.759845 0.575638 0.759845 0.577100 0.762402 0.577648 0.763864 0.581849 0.762402 0.584864 0.759845 0.588609 0.770928 0.587513 0.773851 0.588700 0.766056 0.589431 0.764716 0.591258 0.767152 0.600940
10 0.746708 0.660569 0.758383 0.669040 0.766378 0.666946 0.770306 0.670243 0.768530 0.674716 0.773352 0.681093 0.776905 0.686709 0.773098 0.688327 0.765357 0.685471 0.758885 0.686899 0.750129 0.688231 0.748987 0.685186 0.740865 0.677476 0.747591 0.673859 0.740230 0.672432 0.736423 0.668625
15 0.767641 0.666721 0.767641 0.664247 0.772337 0.659488 0.776398 0.658155 0.786043 0.661772 0.796829 0.667673 0.797337 0.669672 0.795180 0.673479 0.799494 0.676715 0.795560 0.680332 0.785408 0.685757 0.778301 0.686613 0.775509 0.683948 0.769164 0.674621 0.771195 0.670528
15 0.760973 0.631805 0.762787 0.637450 0.766958 0.641395 0.772671 0.641191 0.773124 0.639082 0.772762 0.634118 0.766414 0.628201 0.761246 0.629697
6 0.547995 0.479102 0.533576 0.474910 0.525640 0.471640 0.526199 0.470299 0.535141 0.470970 0.548889 0.475916 0.553361 0.477509
15 0.555484 0.478263 0.559508 0.480694 0.550119 0.484467 0.542406 0.488072 0.539947 0.488575 0.536817 0.488742 0.537376 0.483461 0.546207 0.480527
15 0.571631 0.484137 0.565260 0.488077 0.566825 0.489921 0.559559 0.491933 0.549611 0.494281 0.547599 0.496460 0.553747 0.498137 0.558106 0.496209 0.562465 0.496377 0.568948 0.494281 0.574761 0.492856 0.579567 0.493778 0.590298 0.494868 0.593092 0.493778 0.593539 0.491682 0.593092 0.489754 0.595551 0.488245 0.594434 0.487071 0.585044 0.484556 0.573643 0.483466
15 0.506305 0.509503 0.508562 0.510537 0.509189 0.512606 0.503045 0.514675 0.498155 0.513546 0.493892 0.506493 0.496274 0.500569 0.501415 0.490507 0.506054 0.489284 0.509941 0.492482 0.508938 0.494927 0.509816 0.497278 0.511571 0.499534 0.510568 0.502073 0.508311 0.507058
15 0.495427 0.539382 0.494787 0.536776 0.498080 0.529094 0.502652 0.525527 0.506493 0.527928 0.506585 0.531700 0.506402 0.537119 0.509237 0.537805 0.512712 0.539588 0.509237 0.542606 0.504664 0.546379 0.499177 0.549054 0.495153 0.547408 0.495153 0.544047 0.501738 0.539794 0.499451 0.539108
10 0.513531 0.574625 0.517019 0.568316 0.517122 0.560776 0.515275 0.560391 0.509940 0.565084 0.508709 0.567470 0.500502 0.570163 0.501118 0.575549 0.505324 0.582089 0.507273 0.582704 0.510556 0.581242 0.518866 0.581011 0.517635 0.576087
15 0.543041 0.643813 0.533634 0.648624 0.529465 0.650307 0.523479 0.650147 0.523372 0.646940 0.531282 0.643092 0.541331 0.636918 0.545072 0.636037 0.552020 0.639885 0.560358 0.642531 0.561962 0.646539 0.561534 0.648944 0.558969 0.650788 0.555227 0.650708 0.549669 0.646619
15 0.587505 0.639457 0.582695 0.639056 0.565912 0.638174 0.563881 0.640259 0.570295 0.646673 0.571043 0.651964 0.571150 0.657416 0.568264 0.661104 0.568905 0.665674 0.574143 0.671847 0.577564 0.675054 0.586223 0.676417 0.587185 0.673851 0.585688 0.670885 0.576495 0.664872 0.576709 0.662948 0.579060 0.661745 0.581840 0.663269 0.585688 0.662306 0.587398 0.659100 0.588681 0.652606 0.588254 0.648517 0.583550 0.648036 0.587826 0.644829
15 0.531141 0.670761 0.532276 0.666080 0.544617 0.661399 0.549582 0.661505 0.551426 0.665442 0.551000 0.670336 0.544333 0.674698 0.542631 0.678528 0.553554 0.678740 0.556958 0.683315 0.561639 0.678634 0.569441 0.678421 0.576818 0.679804 0.585289 0.681430 0.590679 0.686005 0.596637 0.691431 0.605148 0.688558 0.612525 0.691750 0.616071 0.696112 0.592807 0.699516 0.582026 0.699197 0.577912 0.695261 0.569401 0.696431 0.567699 0.698559 0.566564 0.700580 0.561315 0.701219 0.549542 0.695474 0.541314 0.690261 0.529824 0.678238 0.529540 0.673664
15 0.631113 0.658160 0.631456 0.662530 0.630856 0.666257 0.624001 0.665743 0.615176 0.662466 0.609521 0.659638 0.608836 0.657967 0.609436 0.653212 0.610549 0.651541 0.613463 0.651027 0.617832 0.653405 0.624858 0.656297
15 0.559828 0.552472 0.561000 0.557452 0.569983 0.566142 0.575842 0.564092 0.575972 0.562236 0.569853 0.554230
15 0.605005 0.532650 0.604484 0.530502 0.593027 0.522398 0.588080 0.522593 0.586908 0.527475 0.599667 0.535384 0.604224 0.534701 0.604354 0.537825 0.609171 0.540657 0.619456 0.544856 0.621279 0.545637 0.622060 0.543977 0.622711 0.540266 0.608390 0.532357
15 0.606827 0.502087 0.610603 0.502087 0.613207 0.506286 0.617373 0.508337 0.616331 0.509997 0.616462 0.511852 0.622711 0.512633 0.624143 0.516539 0.624924 0.519273 0.629481 0.520542 0.637813 0.540071 0.634298 0.541829 0.629741 0.540364 0.625445 0.530307 0.614118 0.530209 0.613077 0.527573 0.616071 0.526401 0.617243 0.523765 0.610863 0.521616 0.603573 0.521714 0.599146 0.520640 0.597063 0.517711 0.598235 0.516344 0.603573 0.517418 0.606307 0.516344 0.607088 0.511461
10 0.634041 0.584812 0.623762 0.580368 0.620980 0.578735 0.620617 0.574835 0.615054 0.575288 0.616385 0.587533 0.622069 0.590526 0.625576 0.591705 0.630413 0.587624
15 0.626697 0.594648 0.626455 0.591383 0.634558 0.585124 0.633953 0.584217 0.626455 0.580771 0.625850 0.573605 0.628269 0.568707 0.632139 0.569524 0.637218 0.573061 0.638790 0.581859 0.636130 0.584308 0.636009 0.587120 0.640121 0.590567 0.641451 0.599546 0.637581 0.600997 0.631534 0.596462
15 0.648334 0.689852 0.642222 0.686274 0.637601 0.689405 0.636706 0.694436 0.640582 0.696672 0.645353 0.694772 0.649825 0.693877
15 0.665180 0.667602 0.661304 0.666932 0.662497 0.675541 0.657130 0.676771 0.653105 0.679678 0.645949 0.679342 0.646993 0.674870 0.644309 0.668497 0.649676 0.665814 0.651912 0.664919 0.649378 0.662907 0.649676 0.656534 0.643862 0.656086 0.642371 0.652844 0.652807 0.645353 0.649229 0.641328 0.648782 0.638756 0.653701 0.637414 0.657428 0.639427 0.661155 0.640433 0.665627 0.639762 0.665180 0.643787 0.668311 0.643676 0.670845 0.641663 0.670845 0.639874 0.667267 0.632048 0.668907 0.630259 0.676808 0.630147 0.678746 0.635402 0.679790 0.642781 0.678448 0.644458 0.681578 0.648036 0.690970 0.648707 0.690374 0.651726 0.687541 0.653068 0.694846 0.656086 0.699468 0.655975 0.702002 0.659888 0.702896 0.664360 0.707369 0.664584 0.710499 0.661789 0.713779 0.661229 0.717357 0.662683 0.717655 0.664584 0.714524 0.667826 0.721233 0.674423 0.725854 0.677889 0.724214 0.683479 0.722425 0.684821 0.717953 0.682361 0.716910 0.684485 0.717655 0.687281 0.715270 0.689070 0.700809 0.690747 0.689629 0.691753 0.681429 0.692647 0.676361 0.692647 0.672783 0.687951 0.677702 0.685492 0.684709 0.685156 0.675466 0.682585 0.668758 0.680349 0.668609 0.675317 0.670845 0.674311 0.666224 0.668273
15 0.657847 0.573871 0.655840 0.569607 0.659519 0.566221 0.666041 0.569858 0.671392 0.574874 0.675740 0.578261 0.675740 0.580518 0.669720 0.582400 0.669385 0.584532 0.665037 0.585410 0.654168 0.583152 0.647312 0.583403 0.647813 0.578637 0.655338 0.577132 0.662362 0.578762 0.661191 0.576881
15 0.715113 0.579866 0.716428 0.576819 0.718459 0.572697 0.716189 0.570009 0.709617 0.571353 0.706629 0.575565 0.707944 0.579598 0.707346 0.582376 0.704001 0.583451 0.700774 0.587753 0.699101 0.588649 0.695397 0.585960 0.692052 0.586857 0.691335 0.589007 0.692291 0.590800 0.695397 0.591248 0.697190 0.595101 0.696234 0.598686 0.700177 0.597969 0.710692 0.589276 0.707944 0.587932 0.719415 0.579060
15 0.711741 0.594120 0.709412 0.596852 0.709173 0.599541 0.714191 0.601871 0.710845 0.602139 0.701884 0.603125 0.700569 0.608502 0.700211 0.611729 0.705349 0.612804 0.710965 0.614417 0.717776 0.617195 0.722077 0.618898 0.724109 0.618539 0.727455 0.614327 0.725901 0.611280 0.724945 0.604649 0.731278 0.603394 0.730800 0.602139 0.724348 0.601064 0.724587 0.596046 0.720285 0.596046 0.717524 0.595891 0.714414 0.594141
10 0.813265 0.478964 0.810530 0.469179 0.819578 0.472651 0.823786 0.478806 0.821682 0.480384