14 0.588284 0.722610 0.593462 0.727390 0.594259 0.742326 0.594259 0.768912 0.593462 0.790121 0.587886 0.797589 0.577132 0.800875 0.551641 0.799979 0.500659 0.797888 0.486719 0.800875 0.467202 0.808343 0.456846 0.799979 0.452465 0.794602 0.441711 0.794602 0.429364 0.790420 0.423788 0.781458 0.424584 0.730974 0.424584 0.719922 0.428169 0.714246 0.443703 0.712155 0.514201 0.716038 0.549268 0.717313 0.575937 0.719025
5 0.334172 0.292824 0.317452 0.285501 0.306698 0.281472 0.306617 0.273823 0.308035 0.273101 0.304716 0.243202 0.304075 0.223594 0.301487 0.197980 0.305156 0.193441 0.313284 0.187839 0.325367 0.184708 0.335913 0.186191 0.345579 0.187180 0.373261 0.186685 0.394469 0.185809 0.414198 0.185112 0.421250 0.185466 0.425208 0.189028 0.426053 0.202339 0.429469 0.242436 0.431534 0.267374 0.431951 0.273709 0.432159 0.280792 0.429107 0.285086 0.423614 0.289115 0.413904 0.291809 0.404677 0.291809 0.371943 0.292303 0.342294 0.292773
0 0.150328 0.332744 0.151997 0.323978 0.157174 0.314836 0.168361 0.305068 0.183671 0.293915 0.195025 0.284648 0.211221 0.277009 0.223243 0.274629 0.229588 0.272250 0.250794 0.271123 0.262816 0.273377 0.271499 0.273001 0.285190 0.275631 0.305227 0.281767 0.323093 0.289782 0.336785 0.294416 0.361330 0.307314 0.377860 0.318209 0.386877 0.325347 0.393723 0.336743 0.393723 0.339624 0.390717 0.342128 0.390050 0.348390 0.383371 0.349767 0.377527 0.351395 0.370180 0.357657 0.364837 0.359410 0.363000 0.363668 0.361497 0.367425 0.358992 0.374062 0.356989 0.376316 0.362499 0.383329 0.344430 0.387569 0.350155 0.391683 0.353494 0.395798 0.355641 0.398839 0.353971 0.399555 0.347292 0.398482 0.344669 0.402060 0.341568 0.409395 0.336332 0.408786 0.315579 0.402167 0.308901 0.399662 0.299359 0.386245 0.290056 0.372649 0.267396 0.356726 0.240919 0.344919 0.218019 0.337942 0.194882 0.333112 0.169597 0.332217
13 0.307034 0.533739 0.261012 0.534542 0.231717 0.533003 0.206030 0.531999 0.186497 0.528989 0.152248 0.525979 0.117731 0.520159 0.076258 0.502901 0.047360 0.480224 0.031841 0.453132 0.025419 0.420622 0.041206 0.384902 0.065020 0.362225 0.097396 0.345970 0.130575 0.337943 0.172851 0.333729 0.197468 0.336137 0.220479 0.341354 0.257404 0.353997 0.271853 0.363630 0.286302 0.374667 0.298877 0.390721 0.308242 0.401759 0.315734 0.409384 0.333394 0.434469 0.333127 0.443701 0.340619 0.453132 0.351589 0.462765 0.356405 0.473602 0.355870 0.485040 0.351321 0.508118 0.337140 0.514941 0.326972 0.523771
18 0.267911 0.678213 0.260888 0.682310 0.235526 0.675579 0.214846 0.669727 0.205481 0.663581 0.197287 0.640755 0.200799 0.630513 0.199628 0.609443 0.210163 0.598615 0.210944 0.608272 0.218747 0.618807 0.226941 0.627879 0.227332 0.615588 0.230843 0.604175 0.242549 0.591884 0.269862 0.588080 0.281568 0.582812 0.275325 0.579886 0.297565 0.574033 0.315124 0.573740 0.331902 0.577837 0.337123 0.584697 0.344146 0.591135 0.339464 0.601378 0.342585 0.608987 0.340244 0.618936 0.341805 0.626252 0.348048 0.635910 0.350389 0.642933 0.349999 0.646737 0.360534 0.651127 0.340634 0.659906 0.328148 0.664296 0.312151 0.667222 0.293422 0.669271 0.270010 0.661369 0.263377 0.666930
3 0.364625 0.504129 0.387421 0.506200 0.414107 0.507395 0.426056 0.502616 0.449556 0.487082 0.454733 0.478419 0.457920 0.470652 0.465089 0.465574 0.461626 0.437031 0.460431 0.430161 0.448084 0.417913 0.442508 0.388339 0.428567 0.384755 0.419008 0.381170 0.415822 0.374001 0.403475 0.367429 0.393916 0.369221 0.372806 0.383261 0.363059 0.383656 0.346432 0.387759 0.350722 0.390655 0.357052 0.398218 0.363702 0.402643 0.368208 0.405218 0.362046 0.408468 0.355288 0.413778 0.346041 0.424067 0.351482 0.426011 0.357570 0.426496 0.360550 0.426496 0.364695 0.420861 0.372208 0.419695 0.370136 0.421930 0.369877 0.423582 0.371042 0.426788 0.368711 0.428925 0.366342 0.432052 0.364917 0.437978 0.356826 0.445523 0.355198 0.451169 0.353367 0.458187 0.355198 0.468639 0.357131 0.473674 0.356520 0.485270 0.357232 0.491678 0.358046 0.497247 0.361301 0.503121
9 0.458439 0.388813 0.445644 0.379176 0.449639 0.376547 0.460156 0.373612 0.467738 0.374101 0.472385 0.374957 0.481517 0.374407 0.485756 0.371227 0.487713 0.368598 0.485267 0.359364 0.480266 0.343593 0.476870 0.321759 0.468472 0.296015 0.462750 0.277755 0.470656 0.273635 0.475816 0.271014 0.481559 0.272886 0.486635 0.276444 0.499596 0.285127 0.502842 0.287124 0.507252 0.289496 0.520319 0.289121 0.526893 0.287311 0.554886 0.285468 0.576966 0.283557 0.600404 0.283812 0.612803 0.284322 0.623673 0.284067 0.636242 0.284194 0.649829 0.274386 0.669701 0.263813 0.675306 0.264322 0.676155 0.268653 0.683459 0.272984 0.693480 0.279863 0.703670 0.284449 0.706388 0.295914 0.710974 0.314384 0.717088 0.343937 0.719636 0.356931 0.723033 0.373873 0.689913 0.373745 0.645413 0.374382 0.573908 0.376548 0.518709 0.377312 0.482531 0.376803 0.472001 0.377057 0.463509 0.378968 0.461471 0.382790
12 0.478867 0.249837 0.469296 0.241089 0.458509 0.225217 0.460005 0.213552 0.469576 0.194709 0.480941 0.187083 0.508757 0.179007 0.528796 0.177661 0.543153 0.179904 0.560201 0.184615 0.582035 0.194036 0.604168 0.205477 0.614038 0.211758 0.619122 0.218263 0.615832 0.222525 0.600578 0.233741 0.572763 0.251238 0.553621 0.259762 0.527301 0.262454 0.507561 0.260211 0.493503 0.256622
4 0.604164 0.668168 0.607778 0.674943 0.617585 0.674943 0.626617 0.672814 0.644425 0.669523 0.653200 0.669330 0.658619 0.670104 0.671007 0.661394 0.671781 0.657329 0.657329 0.639909 0.681072 0.634102 0.678233 0.618423 0.671781 0.604681 0.677459 0.596358 0.687008 0.587260 0.707396 0.583196 0.717978 0.584163 0.727268 0.586486 0.738882 0.587260 0.742495 0.586486 0.727527 0.572356 0.695267 0.573711 0.713848 0.555323 0.709977 0.542742 0.704299 0.533838 0.660684 0.530160 0.636683 0.549129 0.653974 0.570421 0.659135 0.575840 0.665329 0.576421 0.676169 0.575453 0.674362 0.584744 0.672039 0.587647 0.670491 0.589196 0.671265 0.596358 0.666878 0.598874 0.660684 0.599261 0.663781 0.588809 0.666362 0.586873 0.663781 0.581647 0.637129 0.568902 0.632166 0.567264 0.630578 0.571880 0.625416 0.568604 0.613306 0.570540 0.605961 0.577389 0.603380 0.583047 0.618865 0.582749 0.625019 0.587067 0.629784 0.590640 0.633159 0.589002 0.636137 0.585280 0.640703 0.585429 0.642489 0.590193 0.648644 0.587513 0.651621 0.586173 0.654996 0.588109 0.654599 0.593022 0.648842 0.596596 0.637923 0.599574 0.635144 0.599127 0.632365 0.601956 0.627997 0.602254 0.626607 0.598978 0.627203 0.595405 0.622438 0.598234 0.622836 0.601211 0.621644 0.602403 0.617458 0.607305 0.611820 0.607834 0.611937 0.616204 0.613817 0.619992 0.617693 0.623076 0.623449 0.626335 0.624701 0.630369 0.631984 0.636976 0.630809 0.642791 0.628812 0.648694 0.624231 0.653716 0.624348 0.657152 0.615656 0.661821
4 0.790639 0.618465 0.797359 0.615599 0.802102 0.610658 0.803684 0.603542 0.791956 0.595142 0.788794 0.590991 0.779570 0.585457 0.758992 0.587329 0.749637 0.589800 0.754117 0.590690 0.762682 0.592765 0.769138 0.596026 0.772564 0.601363 0.778099 0.606107 0.779548 0.607391 0.777308 0.610060 0.777308 0.611937 0.781129 0.611443 0.782184 0.614013 0.783765 0.615693 0.787718 0.615693 0.790485 0.616385
10 0.761366 0.585998 0.752882 0.579635 0.756905 0.577077 0.764340 0.577667 0.771162 0.573797 0.772211 0.568746 0.784485 0.566531 0.792874 0.560105 0.791803 0.553010 0.801442 0.550065 0.803226 0.553680 0.804119 0.561846 0.805721 0.567342 0.812682 0.566807 0.811968 0.570957 0.804828 0.573501 0.804471 0.578320 0.802865 0.583809 0.802865 0.590100 0.800723 0.600275 0.792334 0.595054 0.790013 0.590368 0.780553 0.584478
1 0.737121 0.669733 0.725751 0.668667 0.701117 0.665292 0.696143 0.646461 0.700170 0.638289 0.698275 0.626564 0.685010 0.620524 0.678378 0.616261 0.673167 0.604358 0.687472 0.588097 0.708819 0.583812 0.720139 0.584863 0.727147 0.587289 0.739270 0.588171 0.743151 0.587847 0.746817 0.591001 0.753932 0.591082 0.761695 0.593346 0.768164 0.596095 0.771829 0.601513 0.778837 0.607254 0.776681 0.609841 0.776789 0.612509 0.780562 0.612267 0.781964 0.614531 0.783042 0.616067 0.786707 0.615825 0.789618 0.616310 0.790050 0.617927 0.789726 0.619382 0.795548 0.624881 0.798351 0.628196 0.799860 0.632401 0.802987 0.639516 0.805359 0.640325 0.811935 0.640244 0.800939 0.649866 0.787462 0.657144 0.775495 0.659408 0.769026 0.659246 0.758580 0.659188 0.752148 0.651571 0.752995 0.644971 0.751810 0.642813 0.747917 0.647509 0.740470 0.652714 0.736916 0.658045 0.737593 0.664900
1 0.602146 0.670871 0.582606 0.674408 0.561718 0.675419 0.543526 0.674972 0.539484 0.668403 0.531398 0.653242 0.526008 0.628986 0.532296 0.628312 0.535441 0.628312 0.522639 0.611299 0.519719 0.601023 0.517248 0.596812 0.523986 0.594454 0.533195 0.599507 0.540157 0.603382 0.542628 0.598497 0.545997 0.598497 0.558574 0.602034 0.574072 0.601697 0.585751 0.604224 0.592039 0.604224 0.600799 0.604392 0.605965 0.605908 0.609783 0.607761 0.611130 0.614162 0.610456 0.619216 0.616745 0.624101 0.622585 0.626627 0.622585 0.630839 0.630221 0.636734 0.627301 0.648694 0.623708 0.652063 0.623259 0.656443 0.603045 0.666550
15 0.540607 0.569355 0.545099 0.571882 0.532746 0.578788 0.530724 0.581820 0.524660 0.580473 0.525109 0.576935
15 0.545221 0.597663 0.541809 0.595393 0.541410 0.590509 0.546593 0.588416 0.544865 0.585525 0.554434 0.583432 0.560680 0.585824 0.556959 0.587718 0.569584 0.589911 0.575565 0.588316 0.578754 0.591306 0.583140 0.591107 0.587276 0.586080 0.598971 0.583588 0.606015 0.583887 0.618375 0.583588 0.630070 0.591064 0.633175 0.589536 0.636233 0.585608 0.640322 0.585726 0.642052 0.590445 0.644254 0.590032 0.651489 0.586670 0.654424 0.588192 0.654346 0.592910 0.648291 0.596213 0.638146 0.599221 0.635315 0.598690 0.632249 0.601462 0.628317 0.602111 0.626980 0.598985 0.628395 0.594679 0.621790 0.598041 0.622262 0.600931 0.617465 0.606711 0.610623 0.607360 0.605590 0.605060 0.600715 0.603644 0.585695 0.603939 0.574214 0.601344 0.559037 0.601698
15 0.670076 0.677263 0.672484 0.678811 0.677988 0.678725 0.683837 0.675542 0.683378 0.673048 0.679479 0.672274 0.676039 0.672446 0.670764 0.676230
15 0.780357 0.542306 0.787036 0.531705 0.796201 0.534268 0.804123 0.537413 0.803657 0.540908 0.799308 0.542656 0.799463 0.544520 0.797754 0.547432 0.794958 0.548248 0.786259 0.546850
10 0.505059 0.478073 0.524397 0.478073 0.536629 0.481811 0.538215 0.486398 0.540027 0.488606 0.545237 0.491664 0.547049 0.495572 0.539121 0.498970 0.536629 0.500499 0.545010 0.502877 0.545916 0.506445 0.554298 0.509163 0.564038 0.506615 0.561093 0.501008 0.562226 0.497780 0.558601 0.498970 0.550447 0.495742 0.548181 0.492344 0.545237 0.489116 0.555883 0.482660 0.558828 0.484699 0.575364 0.480622 0.585784 0.483849 0.591447 0.488097 0.579441 0.492344 0.581480 0.496421 0.585104 0.499310 0.586917 0.503387 0.585784 0.504746 0.593033 0.509333 0.602094 0.507464 0.617044 0.500499 0.625199 0.501178 0.620668 0.504066 0.621348 0.508144 0.633127 0.511372 0.641961 0.510862 0.646339 0.509736 0.635421 0.502715 0.638652 0.492471 0.644454 0.485921 0.651537 0.481162 0.666426 0.483000 0.676166 0.477394 0.676166 0.467030 0.686359 0.466860 0.698365 0.469748 0.708559 0.469239 0.717619 0.466690 0.728266 0.464992 0.734835 0.468050 0.747973 0.472976 0.758620 0.476034 0.767454 0.478413 0.772664 0.478583 0.781951 0.477224 0.792371 0.480452 0.799620 0.477903 0.805510 0.480791 0.804830 0.487077 0.802565 0.498460 0.799847 0.507464 0.792371 0.520716 0.789880 0.525473 0.777874 0.539913 0.775835 0.543141 0.766095 0.545860 0.751598 0.541612 0.723897 0.537341 0.707394 0.534914 0.704158 0.532972 0.659500 0.528361 0.648976 0.536854 0.643614 0.530104 0.636721 0.526514 0.617573 0.524503 0.610488 0.526514 0.600674 0.525326 0.594164 0.524321 0.592057 0.520300 0.588419 0.523747 0.592249 0.529060 0.594738 0.526619 0.602014 0.526044 0.602589 0.530209 0.596844 0.538539 0.590142 0.544283 0.574633 0.546006 0.565250 0.545288 0.560080 0.542703 0.555102 0.544283 0.550698 0.541698 0.538634 0.548735 0.532124 0.549453 0.528677 0.546150 0.523124 0.550171 0.521784 0.550745 0.516997 0.548591 0.506083 0.543278 0.503402 0.537102 0.509146 0.527337 0.498615 0.511683 0.498040 0.505077 0.502827 0.501918 0.502253 0.487700
15 0.621950 0.507840 0.620971 0.504170 0.623907 0.502702 0.636362 0.504904 0.641522 0.507106 0.645526 0.509574 0.642501 0.510442 0.633337 0.511042
1 0.613130 0.569898 0.600097 0.562028 0.603884 0.560091 0.598547 0.556347 0.594071 0.546275 0.597859 0.537495 0.602679 0.531297 0.610599 0.527165 0.617313 0.524970 0.636251 0.527424 0.642449 0.530264 0.646581 0.535817 0.640899 0.537495 0.639694 0.539174 0.642621 0.542660 0.635734 0.548987 0.646064 0.562803 0.645203 0.564611 0.640899 0.568097 0.638197 0.568846 0.631921 0.566774 0.630527 0.571467 0.625752 0.568259
15 0.568158 0.395558 0.568927 0.406514 0.573028 0.408244 0.576359 0.404400 0.579435 0.398634 0.570721 0.395558
15 0.481404 0.421306 0.476761 0.421074 0.476915 0.418172 0.484036 0.413644 0.482178 0.419797
15 0.513137 0.418636 0.511589 0.422351 0.514375 0.423628 0.519483 0.422467 0.518090 0.430362 0.516387 0.430594 0.512672 0.430594 0.511589 0.432567 0.512827 0.435586 0.513137 0.437792 0.509267 0.437792 0.507874 0.440694 0.507564 0.442203 0.512827 0.442319 0.513756 0.443828 0.513292 0.446731 0.515613 0.456715 0.513756 0.459733 0.512363 0.462636 0.507874 0.464261 0.502456 0.467512 0.501218 0.471111 0.504004 0.471923 0.503385 0.477960 0.506016 0.477496 0.524282 0.477264 0.537278 0.481636 0.538790 0.486291 0.541041 0.488764 0.544259 0.490678 0.545644 0.491716 0.547403 0.495716 0.542953 0.497827 0.538241 0.499692 0.537848 0.500281 0.541186 0.499643 0.546356 0.498710 0.547076 0.497336 0.549432 0.494980 0.547142 0.491642 0.544916 0.488991 0.548843 0.486635 0.555846 0.482414 0.558857 0.484328 0.575474 0.480430 0.585814 0.483683 0.591700 0.488184 0.587944 0.489462 0.592126 0.490072 0.595347 0.493930 0.598283 0.499011 0.600428 0.502483 0.604831 0.499519 0.604944 0.495793 0.603815 0.492237 0.597718 0.488511 0.600541 0.487326 0.599186 0.483261 0.601218 0.482753 0.605170 0.483769 0.609912 0.483684 0.610815 0.485039 0.614202 0.487664 0.623348 0.487664 0.628203 0.485463 0.631025 0.483176 0.632380 0.482075 0.633735 0.483600 0.636106 0.484362 0.632719 0.488088 0.629783 0.491221 0.631477 0.493084 0.631590 0.496979 0.629444 0.497656 0.629332 0.499096 0.633735 0.501128 0.635316 0.500620 0.637009 0.496555 0.638251 0.492237 0.644235 0.485463 0.651800 0.480467 0.666590 0.482668 0.675510 0.477164 0.675397 0.466325 0.686461 0.465987 0.698768 0.469543 0.708591 0.468696 0.716833 0.466325 0.728801 0.464293 0.748107 0.471999 0.763237 0.476063 0.770011 0.473438 0.771366 0.470813 0.773850 0.470051 0.776447 0.470983 0.778140 0.470390 0.781076 0.463785 0.777124 0.463361 0.772269 0.458619 0.762221 0.454216 0.761092 0.450490 0.767640 0.449728 0.768543 0.453623 0.773737 0.453285 0.774188 0.450998 0.777350 0.449559 0.783435 0.449417 0.784064 0.451068 0.779345 0.454372 0.784484 0.459092 0.794769 0.459368 0.804838 0.458660 0.804733 0.452682 0.811760 0.447648 0.804523 0.438366 0.797391 0.439231 0.797181 0.445681 0.789001 0.442220 0.782708 0.438681 0.782813 0.432545 0.780191 0.424050 0.777035 0.417154 0.771898 0.415548 0.773396 0.411535 0.765613 0.406939 0.749774 0.408866 0.743567 0.405976 0.732009 0.403408 0.722163 0.404210 0.715314 0.401963 0.710819 0.400839 0.699903 0.401000 0.692840 0.400197 0.683637 0.402926 0.672721 0.403087 0.660949 0.404050 0.658166 0.402926 0.664587 0.398752 0.647892 0.394258 0.631197 0.398110 0.626702 0.402444 0.625846 0.403889 0.620281 0.403408 0.615358 0.403408 0.612576 0.406458 0.607439 0.405494 0.603372 0.402926 0.598235 0.403889 0.589460 0.403889 0.580898 0.404210 0.576404 0.408705 0.575762 0.410952 0.566130 0.410952 0.562919 0.414002 0.557140 0.415447 0.555214 0.410471 0.550933 0.409026 0.546438 0.410471 0.546438 0.417695 0.540873 0.413360 0.537663 0.414484 0.535094 0.411916 0.530386 0.412237 0.521824 0.415126 0.515403 0.417855
15 0.625221 0.399875 0.623497 0.402742 0.618701 0.402629 0.615104 0.401393 0.613830 0.396053 0.617352 0.392287 0.620650 0.393917