13 0.001443 0.383099 0.000721 0.476168 0.012986 0.488072 0.026694 0.499435 0.049781 0.513504 0.077918 0.522162 0.097398 0.527032 0.142129 0.535148 0.167380 0.540018 0.215719 0.540559 0.255399 0.546511 0.287144 0.550299 0.300852 0.543265 0.333318 0.530278 0.338368 0.517292 0.343642 0.492100 0.329793 0.476144 0.321464 0.459159 0.303503 0.428900 0.286324 0.409573 0.271747 0.390637 0.246499 0.370529 0.210318 0.352764 0.170493 0.342808 0.114530 0.339684 0.078349 0.344760 0.031235 0.361354
14 0.427889 0.299916 0.424294 0.303576 0.419157 0.306851 0.407599 0.307873 0.389363 0.308007 0.348279 0.306285 0.316173 0.304359 0.306927 0.302625 0.300763 0.300121 0.298708 0.266795 0.296910 0.216904 0.298194 0.204960 0.304872 0.200723 0.311293 0.198411 0.340830 0.199567 0.380127 0.201878 0.408894 0.203805 0.416342 0.206116 0.424047 0.213436 0.426359 0.236937 0.428414 0.271804 0.428670 0.293764
9 0.183338 0.343270 0.184120 0.323710 0.188293 0.290068 0.209157 0.288308 0.216720 0.287330 0.227151 0.289481 0.282440 0.296718 0.299049 0.299728 0.305853 0.303081 0.315807 0.304966 0.335226 0.306243 0.360463 0.307449 0.390828 0.308656 0.417272 0.308505 0.429137 0.304659 0.441203 0.300059 0.443616 0.301115 0.443616 0.313105 0.442912 0.340102 0.443012 0.363479 0.442510 0.384971 0.438689 0.403296 0.429740 0.419132 0.432958 0.427428 0.438086 0.436251 0.425513 0.439862 0.385884 0.436804 0.337584 0.429686 0.302684 0.426750 0.273981 0.391402 0.251476 0.371343 0.225545 0.358622 0.210052 0.349938
2 0.625076 0.222755 0.639289 0.230335 0.646553 0.241231 0.651607 0.253549 0.652239 0.267288 0.656003 0.296338 0.660425 0.321211 0.658214 0.330212 0.644317 0.338977 0.600415 0.344662 0.564725 0.346083 0.546090 0.347505 0.538510 0.345373 0.524929 0.340635 0.521770 0.341109 0.519253 0.346203 0.512059 0.344779 0.497766 0.345136 0.498946 0.333929 0.491510 0.319499 0.492926 0.315604 0.491864 0.306308 0.490920 0.295773 0.492100 0.290108 0.486316 0.274438 0.478762 0.246906 0.474866 0.226987 0.470145 0.226633 0.467076 0.223534 0.466840 0.223003 0.463771 0.219373 0.464361 0.214947 0.468020 0.212911 0.472152 0.214239 0.472388 0.216806 0.474866 0.218223 0.479824 0.220524 0.486670 0.218842 0.490684 0.217957 0.491628 0.215036 0.497058 0.214327 0.501661 0.214770 0.509333 0.217072 0.512048 0.214062 0.516298 0.212645 0.522554 0.212822 0.532351 0.213796 0.551355 0.216629 0.564103 0.218931 0.587711 0.221764 0.589953 0.222206 0.593495 0.219728 0.600695 0.219639 0.597862 0.222737 0.610728 0.222737
3 0.801246 0.357365 0.784533 0.354330 0.777848 0.353538 0.765005 0.352747 0.751283 0.356177 0.729037 0.355063 0.684704 0.354139 0.677843 0.340681 0.665176 0.319306 0.671157 0.316403 0.695787 0.308486 0.706695 0.304924 0.716722 0.299382 0.725343 0.290146 0.729037 0.290938 0.731500 0.295688 0.729917 0.300306 0.726574 0.314160 0.725167 0.317986 0.736602 0.314819 0.768796 0.312576 0.786037 0.311389 0.790083 0.316799 0.794657 0.329069 0.796769 0.340285
12 0.678051 0.731141 0.661522 0.748928 0.653976 0.756743 0.639243 0.757821 0.610497 0.752162 0.572049 0.736531 0.556598 0.718744 0.555161 0.702305 0.563785 0.686405 0.584626 0.674547 0.604748 0.669157 0.628463 0.669696 0.653616 0.675086 0.667989 0.682093 0.679847 0.691795 0.683800 0.697993 0.686674 0.711199 0.684518 0.720900
5 0.678603 0.689724 0.681339 0.691548 0.684835 0.697476 0.687874 0.711041 0.686106 0.718633 0.691578 0.721711 0.707386 0.722623 0.742649 0.723193 0.800407 0.722737 0.832782 0.722509 0.837494 0.720799 0.838710 0.718519 0.837494 0.698456 0.835214 0.662661 0.824726 0.664599 0.809983 0.669159 0.799343 0.661749 0.792807 0.653313 0.782015 0.652857 0.763624 0.655479 0.747665 0.652288 0.717417 0.650236 0.687322 0.650692 0.679267 0.651832 0.676379 0.656049 0.676683 0.660039 0.676835 0.666081 0.677595 0.676911
4 0.661850 0.596210 0.673314 0.602502 0.687854 0.610680 0.687575 0.617391 0.681423 0.632071 0.672196 0.635217 0.654300 0.630184 0.640320 0.630393 0.630533 0.628716 0.619908 0.620747 0.620747 0.604389 0.640599 0.599356
4 0.689988 0.624339 0.687713 0.629921 0.693296 0.635969 0.705495 0.637365 0.732168 0.634419 0.758428 0.633178 0.762977 0.629456 0.760289 0.617670 0.738372 0.613793 0.729480 0.613328 0.718935 0.614569 0.695570 0.619376
10 0.574481 0.550594 0.569614 0.548312 0.559270 0.549985 0.549129 0.552267 0.541219 0.556222 0.539191 0.560329 0.533917 0.566718 0.516987 0.564345 0.515364 0.560390 0.520029 0.555370 0.530373 0.551263 0.514756 0.545939 0.512930 0.538638 0.509077 0.532857 0.511713 0.527685 0.516987 0.526468 0.513336 0.519015 0.514756 0.515820 0.523071 0.521296 0.524288 0.516429 0.538283 0.512322 0.545787 0.511561 0.551871 0.507454 0.556131 0.509584 0.564852 0.499240 0.564852 0.492547 0.566272 0.485550 0.570531 0.481138 0.570531 0.476423 0.572559 0.472316 0.578644 0.470794 0.592030 0.472772 0.599128 0.474445 0.603388 0.478857 0.617585 0.477487 0.636853 0.479769 0.657743 0.483572 0.670521 0.480226 0.692831 0.478400 0.708651 0.477792 0.705811 0.480378 0.712099 0.486158 0.717169 0.482964 0.723862 0.482203 0.722443 0.476575 0.728324 0.477487 0.734206 0.475966 0.740291 0.478400 0.748403 0.478400 0.752460 0.475510 0.749215 0.473228 0.758950 0.472772 0.778218 0.470490 0.795052 0.470642 0.794849 0.465927 0.798889 0.464995 0.800122 0.464710 0.802151 0.468209 0.810263 0.473076 0.812494 0.487223 0.810466 0.526925 0.810061 0.533618 0.800122 0.534074 0.788562 0.537877 0.779232 0.534835 0.760167 0.535443 0.740696 0.537877 0.733192 0.535747 0.726702 0.536204 0.716561 0.538942 0.713316 0.543962 0.703783 0.546547 0.689586 0.544418 0.673969 0.545178 0.660785 0.548373 0.647197 0.549894 0.627523 0.550807 0.603388 0.552328 0.594058 0.552632 0.592233 0.551719 0.583106 0.549894
1 0.618790 0.608814 0.615640 0.608258 0.615270 0.614233 0.608024 0.615014 0.605016 0.613176 0.595992 0.615599 0.591425 0.610084 0.588640 0.610084 0.589197 0.612090 0.586300 0.614262 0.589531 0.615766 0.599557 0.619275 0.604236 0.622784 0.606464 0.626126 0.606130 0.630387 0.604236 0.632727 0.596772 0.638074 0.590088 0.636069 0.586635 0.633061 0.582736 0.632643 0.581399 0.636236 0.579951 0.637405 0.573267 0.638993 0.569813 0.638074 0.566917 0.638742 0.564912 0.640664 0.551098 0.640664 0.546976 0.640747 0.538844 0.637405 0.533385 0.633479 0.533162 0.629635 0.530043 0.622784 0.522914 0.613761 0.521354 0.601479 0.520908 0.591453 0.528149 0.586774 0.535056 0.582931 0.539178 0.581594 0.536616 0.579672 0.532383 0.579171 0.531157 0.576748 0.535725 0.573573 0.533051 0.569395 0.532940 0.566805 0.533891 0.566921 0.538616 0.562059 0.540519 0.558510 0.541445 0.556465 0.549366 0.552491 0.569685 0.548518 0.574263 0.551141 0.583213 0.550099 0.592061 0.551951 0.593912 0.552993 0.599622 0.553456 0.605949 0.555346 0.611042 0.555732 0.612790 0.556349 0.613922 0.558857 0.620801 0.556130 0.623332 0.554977 0.622066 0.551858 0.636804 0.551112 0.648016 0.550298 0.649372 0.552875 0.651994 0.554435 0.655068 0.553350 0.662754 0.554231 0.670078 0.556333 0.669625 0.558571 0.666190 0.561962 0.662172 0.568964 0.662172 0.572973 0.669106 0.571022 0.668962 0.568422 0.679713 0.565043 0.683036 0.565585 0.682169 0.567969 0.687659 0.570569 0.688565 0.572685 0.689924 0.573275 0.696003 0.574079 0.700938 0.576386 0.700581 0.574133 0.695360 0.572416 0.691283 0.570324 0.688422 0.568179 0.689137 0.563995 0.692427 0.563941 0.698507 0.565765 0.704944 0.565389 0.707516 0.558370 0.706729 0.546783 0.714311 0.544852 0.716885 0.539220 0.726827 0.536377 0.733193 0.536055 0.740846 0.538469 0.743778 0.540346 0.747140 0.540883 0.759013 0.543028 0.759585 0.545764 0.759657 0.547159 0.763448 0.546998 0.770600 0.548285 0.775392 0.549036 0.778968 0.551075 0.785691 0.550270 0.792272 0.548822 0.797350 0.549090 0.801856 0.548285 0.806934 0.549787 0.809795 0.551558 0.810367 0.553274 0.807792 0.553703 0.808293 0.556225 0.807006 0.558585 0.811440 0.557458 0.813157 0.558424 0.818020 0.563198 0.817162 0.565666 0.819451 0.566846 0.820881 0.568992 0.821239 0.573551 0.820953 0.575804 0.825173 0.575751 0.823885 0.581973 0.820667 0.582831 0.825244 0.584602 0.825030 0.589751 0.823742 0.593828 0.820238 0.594257 0.822741 0.597047 0.822526 0.600587 0.820881 0.603055 0.817162 0.603323 0.817520 0.605952 0.816089 0.607454 0.815660 0.610189 0.810939 0.610833 0.808865 0.613140 0.807292 0.614320 0.804574 0.615983 0.801069 0.617914 0.797493 0.618558 0.788982 0.618772 0.776966 0.617753 0.773890 0.618933 0.771744 0.617217 0.771673 0.615661 0.769742 0.613515 0.770314 0.608956 0.764234 0.612818 0.759800 0.612603 0.754435 0.610619 0.749429 0.609707 0.747784 0.612067 0.743564 0.611209 0.742706 0.609653 0.737627 0.607185 0.733121 0.606810 0.729903 0.605308 0.729545 0.604611 0.723251 0.603591 0.722607 0.606917 0.721034 0.609868 0.718173 0.611530 0.718244 0.613837 0.712808 0.615393 0.698647 0.618343 0.694641 0.619040 0.691709 0.620167 0.689277 0.618772 0.688061 0.616680 0.688347 0.610511 0.661740 0.595759 0.640429 0.598515 0.620406 0.603989
15 0.595443 0.380546 0.591153 0.383652 0.592189 0.385206 0.587898 0.386981 0.585679 0.388978 0.588194 0.391308 0.594704 0.390532 0.606539 0.386093 0.608906 0.384207 0.616895 0.381544 0.614084 0.378548
15 0.567079 0.483378 0.561386 0.484042 0.559235 0.482619 0.558096 0.478824 0.554428 0.479298 0.553036 0.482050 0.558096 0.483663 0.558602 0.485845 0.561006 0.488597 0.564043 0.491443 0.564043 0.498275 0.561006 0.501691 0.555819 0.504822 0.553162 0.506340 0.547730 0.508098 0.544204 0.506335 0.536897 0.506066 0.533928 0.503144 0.523797 0.501983 0.522303 0.499412 0.520897 0.494272 0.518876 0.490779 0.517733 0.489659 0.508595 0.489593 0.507277 0.483991 0.508946 0.470613 0.511758 0.462968 0.516328 0.459607 0.511495 0.457366 0.505168 0.459805 0.502444 0.457828 0.500774 0.450710 0.503762 0.449326 0.503586 0.446756 0.500862 0.439573 0.499720 0.432916 0.502180 0.432653 0.501126 0.420790 0.498753 0.409587 0.497699 0.393836 0.500247 0.392716 0.501917 0.395747 0.503850 0.401481 0.506574 0.399701 0.504904 0.395418 0.508156 0.393572 0.520809 0.388959 0.524060 0.388959 0.524939 0.392057 0.526257 0.393441 0.519579 0.397395 0.515712 0.399635 0.520457 0.401349 0.521863 0.402272 0.522391 0.406160 0.523006 0.407610 0.526345 0.406621 0.529684 0.409916 0.536362 0.413146 0.539701 0.415452 0.538910 0.416572 0.541634 0.419670 0.541283 0.421317 0.546819 0.420658 0.546731 0.416902 0.544358 0.414727 0.543480 0.408862 0.548928 0.408137 0.554376 0.412223 0.561581 0.417297 0.565711 0.413146 0.563866 0.409587 0.574674 0.405171 0.580297 0.405764 0.580737 0.407148 0.580034 0.410378 0.582230 0.409982 0.585042 0.406226 0.585570 0.402008 0.593390 0.400492 0.594708 0.402996 0.594532 0.406226 0.594796 0.407676 0.597520 0.406094 0.602616 0.404644 0.608240 0.404908 0.613688 0.406489 0.624320 0.402206 0.621333 0.398449 0.621245 0.395154 0.627132 0.393506 0.630471 0.394165 0.631702 0.396143 0.633811 0.396472 0.632668 0.393704 0.638468 0.393572 0.641104 0.393111 0.641104 0.390145 0.644267 0.387971 0.643125 0.384214 0.651648 0.383753 0.657272 0.380787 0.660699 0.380655 0.663159 0.381908 0.664214 0.381512 0.667553 0.379074 0.668607 0.375713 0.673440 0.375713 0.687448 0.376717 0.692823 0.377142 0.684619 0.372155 0.686316 0.369715 0.694379 0.369715 0.701451 0.375444 0.709373 0.373959 0.709656 0.367806 0.713758 0.363562 0.716162 0.363032 0.721396 0.363456 0.726771 0.367700 0.733136 0.370670 0.737097 0.376399 0.746291 0.377778 0.746008 0.381173 0.753930 0.384886 0.757749 0.386159 0.755061 0.389448 0.761285 0.391039 0.763972 0.392524 0.768640 0.391145 0.775996 0.390296 0.792687 0.395601 0.790424 0.401330 0.788868 0.403876 0.793111 0.407695 0.796082 0.411196 0.798911 0.415757 0.800608 0.417985 0.799618 0.421274 0.805700 0.422229 0.807822 0.436445 0.802730 0.438036 0.797072 0.437293 0.798628 0.439839 0.794243 0.445144 0.797779 0.447478 0.802871 0.450872 0.804710 0.453312 0.799052 0.452570 0.798486 0.453419 0.798345 0.455328 0.796082 0.457874 0.800184 0.458723 0.801315 0.462436 0.800739 0.464143 0.794580 0.465731 0.794811 0.470321 0.778066 0.470177 0.758896 0.472487 0.748773 0.473093 0.752160 0.475518 0.748349 0.478174 0.740381 0.478232 0.734415 0.475691 0.728333 0.477308 0.722058 0.476182 0.723560 0.481841 0.717016 0.482649 0.712089 0.485825 0.706161 0.480339 0.709048 0.477683 0.693227 0.478001 0.670400 0.479906 0.657774 0.483284 0.637065 0.479415 0.617895 0.477077 0.603298 0.478354 0.599456 0.473871 0.592315 0.472232 0.578957 0.470128 0.572003 0.471958 0.569930 0.476304 0.570235 0.481061