13 0.187331 0.723102 0.156923 0.719119 0.121688 0.707173 0.097499 0.692147 0.071918 0.670065 0.059368 0.646173 0.056955 0.615402 0.064195 0.593320 0.083502 0.569790 0.110531 0.550966 0.142870 0.540468 0.184862 0.533952 0.223476 0.536124 0.258228 0.540830 0.287670 0.551690 0.317596 0.569066 0.329663 0.577754 0.343177 0.585718 0.359105 0.598388 0.369724 0.607438 0.373103 0.610696 0.374551 0.629159 0.376964 0.651603 0.357175 0.658843 0.341247 0.672599 0.330628 0.684907 0.292497 0.705903 0.252918 0.720383 0.218166 0.723641
12 0.581114 0.702495 0.531571 0.705118 0.517582 0.712112 0.512919 0.716921 0.518748 0.742276 0.525159 0.764133 0.534485 0.774187 0.552554 0.782056 0.575285 0.788613 0.593354 0.791236 0.612006 0.789050 0.632406 0.782930 0.643480 0.771564 0.655138 0.755390 0.654555 0.741838 0.652223 0.735281 0.648143 0.732221 0.639400 0.742713 0.629492 0.743150 0.620166 0.742276 0.603846 0.728287
9 0.550222 0.655283 0.565960 0.681075 0.581697 0.699872 0.590077 0.710999 0.607127 0.729471 0.620392 0.741104 0.630800 0.741869 0.639167 0.741716 0.646922 0.731308 0.656718 0.732226 0.669167 0.738808 0.715288 0.732073 0.784878 0.721053 0.828346 0.713094 0.832224 0.714472 0.834060 0.715696 0.839775 0.712482 0.851815 0.709880 0.835897 0.683248 0.811612 0.649116 0.806714 0.639473 0.798551 0.636718 0.815898 0.629525 0.813857 0.624933 0.765083 0.628147 0.703451 0.633504 0.636514 0.640851 0.572638 0.647432 0.560598 0.649269 0.551006 0.653861
5 0.353265 0.577429 0.300780 0.546645 0.263324 0.525983 0.258343 0.521998 0.257679 0.512784 0.260815 0.507804 0.264652 0.504565 0.298522 0.477668 0.319442 0.462477 0.325419 0.457994 0.328739 0.457745 0.343350 0.464718 0.387846 0.487381 0.413747 0.503071 0.421716 0.507056 0.428025 0.511289 0.432342 0.520504 0.433670 0.531711 0.436659 0.538933 0.426365 0.548397 0.395816 0.570811 0.383197 0.580275 0.372903 0.582267 0.362277 0.580524
3 0.250112 0.529171 0.223995 0.524610 0.196805 0.518707 0.179275 0.517365 0.171404 0.509852 0.181027 0.479220 0.194980 0.449973 0.205355 0.449437 0.223243 0.452925 0.247928 0.458560 0.262954 0.459096 0.267963 0.465268 0.270825 0.473586 0.276549 0.476269 0.271540 0.488880 0.267605 0.498539 0.266909 0.500680 0.260603 0.505527 0.257111 0.510754 0.256323 0.514774 0.256796 0.521750 0.256954 0.523523
14 0.298147 0.477321 0.290721 0.478377 0.286112 0.478185 0.278080 0.475309 0.272958 0.472524 0.267965 0.461962 0.262844 0.454472 0.253114 0.438820 0.235062 0.406845 0.224051 0.388697 0.224179 0.386392 0.228404 0.385336 0.229172 0.382167 0.233397 0.379671 0.254266 0.373621 0.292803 0.363827 0.324938 0.356722 0.332748 0.355185 0.336333 0.356049 0.340814 0.359026 0.347856 0.370165 0.352721 0.380055 0.363475 0.398779 0.370005 0.409630 0.382552 0.432867 0.388825 0.443525 0.388825 0.447462 0.387161 0.452263 0.381527 0.458121 0.370133 0.460905 0.347984 0.465995 0.330956 0.457449 0.328523 0.456584 0.323402 0.457545
15 0.551708 0.534176 0.555406 0.534952 0.555111 0.537948 0.551708 0.538836 0.545050 0.539058 0.544606 0.536173 0.545790 0.535063
15 0.577155 0.529959 0.576711 0.533621 0.574936 0.534841 0.566799 0.535618 0.564136 0.534065 0.560881 0.528516 0.561029 0.519085 0.570941 0.520527 0.574196 0.522635 0.575084 0.526519 0.580854 0.520860 0.585145 0.521970 0.585588 0.526519 0.584553 0.529293 0.582038 0.531734
15 0.615918 0.513647 0.606154 0.514091 0.607781 0.511317 0.607189 0.500998 0.608965 0.498335 0.612515 0.498778 0.614439 0.499444 0.615474 0.501996 0.615918 0.509542
15 0.604147 0.584607 0.593585 0.582099 0.595521 0.577478 0.604323 0.571537 0.607668 0.573253 0.607844 0.577610 0.606612 0.580779
15 0.564438 0.572064 0.562113 0.570186 0.563276 0.567569 0.568285 0.567636 0.573205 0.570454 0.581792 0.574211 0.583671 0.577901 0.578930 0.575955 0.570879 0.573272
15 0.609286 0.438610 0.610887 0.441183 0.607456 0.445300 0.608371 0.448045 0.612259 0.451990 0.630099 0.451304 0.625067 0.444443 0.610430 0.435694
15 0.607228 0.424373 0.603340 0.422658 0.601510 0.418541 0.612259 0.411337 0.622323 0.406191 0.625753 0.406534 0.619578 0.414081 0.626439 0.412880 0.625753 0.415797 0.616376 0.416826
15 0.726677 0.460789 0.726967 0.463835 0.729772 0.464851 0.738671 0.464488 0.748246 0.464488 0.751245 0.462892 0.751148 0.461006 0.747956 0.459120 0.735799 0.459188
15 0.722912 0.509499 0.712967 0.509113 0.709366 0.513099 0.701307 0.518244 0.703536 0.521716 0.707994 0.521844 0.718283 0.517472 0.725141 0.512585
15 0.762714 0.377832 0.771984 0.381926 0.776309 0.384397 0.776721 0.387719 0.767452 0.387255 0.764980 0.386483
15 0.656119 0.318808 0.660175 0.326006 0.669180 0.322741 0.680954 0.317843 0.679668 0.314652 0.675413 0.311758
1 0.562193 0.430724 0.558104 0.430082 0.554110 0.431151 0.548025 0.435003 0.539752 0.436001 0.539942 0.440137 0.544316 0.441278 0.548310 0.439995 0.547264 0.442705 0.550877 0.442847 0.558009 0.440779 0.560957 0.437784 0.563049 0.435074
18 0.542707 0.226026 0.554039 0.227404 0.563533 0.227174 0.548526 0.220743 0.563533 0.217986 0.565983 0.213622 0.574865 0.212703 0.584359 0.208109 0.596916 0.196624 0.600591 0.196624 0.601816 0.200529 0.597529 0.201907 0.596610 0.207650 0.598447 0.214081 0.599366 0.216838 0.601204 0.223499 0.595691 0.229471 0.588647 0.241875 0.577315 0.243713 0.555876 0.246010 0.563533 0.254738 0.575784 0.258873 0.584972 0.265764 0.585890 0.273803 0.559245 0.276790 0.547607 0.267372 0.546382 0.264386 0.543625 0.260711 0.530762 0.255657 0.520962 0.248536 0.537194 0.250144 0.550363 0.253130 0.539950 0.237281 0.525862 0.240727 0.519124 0.228323 0.519124 0.225107 0.536888 0.226026 0.532294 0.232917 0.539950 0.230160