7 0.444113 0.520212 0.426737 0.539760 0.416601 0.547724 0.392467 0.556774 0.358198 0.567272 0.324411 0.568358 0.265525 0.563290 0.228785 0.548794 0.187758 0.524540 0.171347 0.503906 0.164590 0.483634 0.167486 0.452140 0.139974 0.442004 0.132251 0.436936 0.134182 0.428248 0.149145 0.418112 0.158798 0.420646 0.185964 0.428329 0.200307 0.415216 0.213161 0.406943 0.244006 0.394734 0.283134 0.389593 0.315978 0.391306 0.360716 0.400986 0.377852 0.411482 0.393846 0.420693 0.407841 0.432260 0.418122 0.447896 0.426690 0.464818 0.442113 0.492879 0.446683 0.516013
0 0.200753 0.413403 0.186802 0.404968 0.175679 0.393805 0.167009 0.379451 0.167827 0.362153 0.168318 0.343506 0.173879 0.330624 0.184512 0.318724 0.189909 0.313449 0.200051 0.306088 0.217717 0.299586 0.240617 0.293820 0.266789 0.290998 0.296069 0.290017 0.305883 0.291489 0.324204 0.292838 0.342688 0.294065 0.350866 0.295292 0.361172 0.296396 0.373603 0.300445 0.379983 0.302040 0.379655 0.306701 0.379328 0.308664 0.382436 0.313203 0.380964 0.316393 0.380146 0.323754 0.380146 0.326085 0.379165 0.327680 0.383090 0.329765 0.384072 0.334182 0.384563 0.336390 0.382927 0.338721 0.385871 0.342033 0.386362 0.344242 0.390451 0.346941 0.396994 0.349272 0.398303 0.352339 0.405173 0.356019 0.409262 0.361049 0.412207 0.363502 0.420385 0.364361 0.425456 0.365465 0.439033 0.376384 0.441977 0.376629 0.446230 0.382395 0.449011 0.390983 0.449174 0.395645 0.446066 0.400429 0.436743 0.411348 0.429218 0.415274 0.414006 0.421776 0.404355 0.426192 0.390942 0.415274 0.371150 0.403374 0.352666 0.396013 0.319787 0.388897 0.290835 0.386689 0.260901 0.389265 0.237182 0.394663 0.218535 0.402024
14 0.407048 0.296593 0.403313 0.297581 0.352829 0.294281 0.305637 0.289816 0.300942 0.288398 0.295872 0.282255 0.298472 0.271238 0.301982 0.243159 0.300422 0.201527 0.293013 0.192070 0.292623 0.190315 0.305232 0.194898 0.307572 0.190218 0.315632 0.186220 0.330452 0.185245 0.388430 0.188073 0.420799 0.190023 0.424699 0.190608 0.425349 0.194410 0.423789 0.202990 0.421579 0.215762 0.420019 0.222782 0.417679 0.236139 0.414299 0.247351 0.411050 0.264413 0.409100 0.280305
2 0.538022 0.337289 0.545462 0.339967 0.556175 0.336173 0.579983 0.333941 0.574924 0.331709 0.574328 0.322111 0.585339 0.311844 0.589506 0.299792 0.588943 0.281228 0.585669 0.266944 0.584181 0.257569 0.599656 0.256007 0.603525 0.247749 0.614238 0.241053 0.620786 0.238151 0.610965 0.224090 0.587157 0.199538 0.577634 0.193512 0.568111 0.193289 0.562457 0.197306 0.563945 0.201324 0.560671 0.204895 0.560374 0.208689 0.554719 0.205788 0.550553 0.207796 0.537459 0.213823 0.516032 0.225875 0.494902 0.236812 0.479427 0.245294 0.475856 0.249311 0.466333 0.253552 0.462167 0.256453 0.455024 0.265605 0.454429 0.273416 0.459488 0.280559 0.473475 0.293727 0.486570 0.309128 0.504723 0.326761 0.513353 0.326091 0.529424 0.321627 0.540435 0.324752 0.542815 0.328323
9 0.177067 0.681716 0.184969 0.656743 0.192023 0.640870 0.187508 0.640447 0.188217 0.605921 0.187371 0.560842 0.215871 0.558726 0.217847 0.560842 0.244654 0.562112 0.261303 0.563382 0.277670 0.565498 0.324795 0.569096 0.358939 0.569519 0.375588 0.563594 0.381514 0.562112 0.386593 0.562747 0.391108 0.573752 0.391955 0.586239 0.392237 0.599361 0.396187 0.645498 0.393930 0.658619 0.387722 0.675339 0.384618 0.681900 0.387158 0.687402 0.402678 0.695021 0.398445 0.699254 0.390544 0.701370 0.377563 0.697984 0.330721 0.694598 0.248040 0.688249 0.213614 0.684651
3 0.378710 0.698962 0.389660 0.702096 0.399025 0.700043 0.403635 0.694748 0.388219 0.687832 0.386058 0.683186 0.396575 0.678215 0.435833 0.664879 0.463640 0.657639 0.468827 0.657964 0.491525 0.698840 0.497993 0.700605 0.505932 0.703471 0.503874 0.712513 0.505344 0.719790 0.507504 0.736557 0.508092 0.747363 0.502799 0.749568 0.485745 0.756184 0.472514 0.760374 0.456048 0.768313 0.435465 0.763461 0.420470 0.760153 0.407238 0.757948 0.386362 0.754640 0.379893 0.749347 0.375482 0.746260 0.379011 0.738983 0.404004 0.729059 0.388714 0.710535
12 0.586359 0.743392 0.578763 0.745816 0.569390 0.743877 0.545632 0.735028 0.518143 0.716486 0.511031 0.708123 0.504728 0.694789 0.505213 0.683274 0.510547 0.674668 0.515718 0.668365 0.522345 0.663638 0.529941 0.658668 0.540769 0.654304 0.558547 0.655517 0.570506 0.654547 0.596850 0.652850 0.602830 0.654183 0.613658 0.658668 0.618830 0.661214 0.626102 0.666668 0.630628 0.671032 0.634506 0.677092 0.638224 0.683274 0.639840 0.690789 0.640001 0.700001 0.634022 0.711395 0.623678 0.722547 0.605739 0.734062
5 0.677589 0.720252 0.674036 0.721299 0.671879 0.722822 0.669975 0.717587 0.673098 0.698701 0.676017 0.675858 0.678047 0.652920 0.690611 0.653682 0.737855 0.653814 0.767639 0.654591 0.802343 0.656727 0.823839 0.659058 0.833422 0.660612 0.843004 0.666634 0.843781 0.671878 0.843004 0.688389 0.838342 0.720244 0.837306 0.724129 0.781106 0.723352 0.689166 0.721215
4 0.599557 0.457295 0.594656 0.454633 0.597022 0.450070 0.592290 0.431438 0.586375 0.428523 0.569814 0.425355 0.559038 0.428404 0.550926 0.433347 0.543490 0.431573 0.534364 0.432080 0.531491 0.430052 0.531153 0.422067 0.535040 0.410913 0.533688 0.401534 0.542983 0.398238 0.571374 0.389873 0.580162 0.392155 0.594020 0.385690 0.604160 0.378846 0.624270 0.374283 0.635255 0.373142 0.646747 0.383282 0.653506 0.391394 0.655027 0.392408 0.656041 0.390127 0.667702 0.381888 0.679701 0.377705 0.691868 0.380621 0.715528 0.384169 0.716373 0.386704 0.711134 0.390380 0.704543 0.394309 0.697783 0.399126 0.691192 0.405463 0.688995 0.413321 0.691361 0.418011 0.695248 0.419912 0.697445 0.421053 0.692037 0.427644 0.676659 0.443867 0.665843 0.453246 0.661435 0.457052 0.654290 0.455302 0.646853 0.460989 0.628056 0.467542 0.613619 0.465136
1 0.541368 0.463900 0.537523 0.458501 0.536132 0.453285 0.532710 0.450034 0.533201 0.445186 0.531973 0.438866 0.541873 0.432423 0.543182 0.431932 0.550710 0.434080 0.558646 0.428925 0.569855 0.425673 0.585891 0.429048 0.591945 0.431502 0.596363 0.449543 0.594154 0.454943 0.599263 0.458012 0.579894 0.461268 0.574551 0.465401 0.575887 0.468532 0.581564 0.471537 0.571712 0.472664 0.553011 0.473666 0.554514 0.470285 0.551342 0.468406
1 0.743609 0.526465 0.725218 0.528293 0.718571 0.523639 0.707935 0.514666 0.699072 0.512173 0.696635 0.507187 0.697300 0.499211 0.703504 0.488077 0.717242 0.485750 0.714139 0.482426 0.703725 0.476610 0.699737 0.466473 0.708822 0.459659 0.713696 0.455339 0.705498 0.453012 0.699515 0.451517 0.692203 0.442044 0.697078 0.437890 0.699737 0.429414 0.696635 0.425758 0.699737 0.420607 0.695084 0.418114 0.690874 0.415289 0.692647 0.406980 0.703282 0.396676 0.717685 0.388035 0.723889 0.387536 0.727434 0.383714 0.748041 0.379560 0.768426 0.377067 0.778840 0.378563 0.784601 0.383548 0.791469 0.382052 0.794350 0.390694 0.800776 0.393353 0.804099 0.397341 0.798560 0.401994 0.801440 0.404819 0.802327 0.410802 0.800554 0.418612 0.798560 0.423266 0.792577 0.422933 0.786152 0.420939 0.780834 0.420108 0.779948 0.422601 0.781499 0.427254 0.785265 0.434898 0.791691 0.442044 0.818059 0.444703 0.817837 0.454009 0.818723 0.471458 0.814957 0.474616 0.815400 0.479103 0.815178 0.486249 0.809860 0.495056 0.797452 0.507021 0.788146 0.512671 0.781055 0.515164 0.774630 0.519485 0.763994 0.521313 0.756682 0.522642 0.750921 0.526465
10 0.567712 0.538204 0.558726 0.538921 0.539798 0.542506 0.526223 0.542793 0.518958 0.540642 0.508443 0.543080 0.502707 0.536914 0.502707 0.528884 0.508825 0.519707 0.508954 0.505751 0.503409 0.493993 0.504748 0.489261 0.504174 0.468612 0.509528 0.467035 0.532662 0.462733 0.538589 0.465745 0.543560 0.465888 0.551972 0.469616 0.550634 0.473201 0.552928 0.474348 0.569180 0.473488 0.583137 0.471624 0.577080 0.468640 0.575165 0.465573 0.580300 0.461787 0.599771 0.458052 0.612912 0.465362 0.628054 0.468038 0.647722 0.461250 0.654444 0.455819 0.661604 0.457778 0.665563 0.456135 0.672512 0.459024 0.683209 0.459530 0.689105 0.461362 0.698407 0.466136 0.699129 0.468122 0.703220 0.476695 0.708034 0.480034 0.709598 0.481659 0.707673 0.484366 0.711282 0.486171 0.703100 0.487525 0.696482 0.499348 0.696121 0.507019 0.698768 0.512524 0.707312 0.514961 0.717000 0.523988 0.725719 0.529186 0.733373 0.528401 0.735832 0.530832 0.744439 0.529658 0.746563 0.527898 0.751705 0.527646 0.756623 0.523287 0.775290 0.519766 0.781885 0.515491 0.787921 0.514904 0.791945 0.513059 0.800440 0.512808 0.803458 0.516916 0.806476 0.518592 0.805693 0.521191 0.807482 0.526305 0.807035 0.527060 0.799322 0.527227 0.799322 0.527814 0.801111 0.530078 0.800552 0.532006 0.796081 0.534605 0.793845 0.539551 0.792168 0.543323 0.792168 0.545251 0.793063 0.547096 0.786579 0.552126 0.785909 0.554892 0.788033 0.555311 0.790380 0.555647 0.798316 0.557743 0.800999 0.558413 0.804576 0.560761 0.796192 0.565958 0.793063 0.567132 0.787474 0.566713 0.783003 0.566797 0.781773 0.568976 0.786468 0.575012 0.790827 0.580545 0.788033 0.582222 0.783450 0.583060 0.777525 0.581216 0.772160 0.579204 0.762212 0.569563 0.760535 0.567970 0.754052 0.572246 0.744370 0.582309 0.748338 0.587021 0.755309 0.587466 0.755013 0.589468 0.751305 0.593251 0.740615 0.597624 0.734237 0.600183 0.726078 0.598292 0.715399 0.598292 0.709762 0.593730 0.704422 0.592840 0.701604 0.589058 0.705905 0.587946 0.702346 0.584831 0.702791 0.581159 0.705460 0.574707 0.710355 0.572371 0.712580 0.570813 0.713025 0.565696 0.717030 0.562581 0.711394 0.557797 0.703681 0.555906 0.690627 0.557686 0.687216 0.560801 0.681431 0.562804 0.677129 0.561135 0.675943 0.558576 0.672383 0.555239 0.678168 0.552012 0.679206 0.550344 0.672383 0.548898 0.663928 0.553014 0.662445 0.551345 0.662296 0.549787 0.658588 0.546784 0.655473 0.543446 0.646722 0.544448 0.640937 0.543446 0.632185 0.544781 0.627290 0.541555 0.622395 0.540888 0.616759 0.538996 0.618984 0.537105 0.617204 0.532989 0.614237 0.531988 0.608452 0.535437 0.599107 0.530875 0.588576 0.530542 0.584274 0.532655 0.571815 0.531543 0.565585 0.535548
15 0.519182 0.541148 0.525133 0.543177 0.541794 0.543096 0.557915 0.539769 0.568734 0.538552 0.566354 0.535793 0.572009 0.531978 0.584992 0.533033 0.588238 0.531410 0.598949 0.531329 0.608903 0.536117 0.613880 0.532465 0.616584 0.533196 0.617991 0.536685 0.615719 0.539606 0.622643 0.541310 0.627512 0.541878 0.631515 0.545367 0.640819 0.543744 0.645904 0.544880 0.654884 0.543744 0.661592 0.549668 0.661700 0.551778 0.664189 0.553887 0.672844 0.549505 0.678470 0.550642 0.677496 0.552021 0.671329 0.555510 0.675332 0.558431 0.676523 0.561758 0.680850 0.563219 0.688424 0.560866 0.690696 0.558026 0.703787 0.556240 0.710711 0.558026 0.716445 0.562488 0.712659 0.565329 0.712009 0.570603 0.704328 0.574660 0.702489 0.579772 0.702056 0.583586 0.700216 0.585777 0.699135 0.588617 0.700000 0.590564 0.698810 0.597137 0.703138 0.596975 0.703246 0.593648 0.708980 0.593972 0.715472 0.598679 0.725966 0.598760 0.733972 0.600545 0.745116 0.597380 0.752689 0.592593 0.755686 0.589783 0.755763 0.587115 0.749037 0.586594 0.745172 0.582361 0.753598 0.573374 0.760711 0.568678 0.771456 0.579694 0.783362 0.583521 0.788696 0.582245 0.791943 0.580390 0.782511 0.568851 0.783207 0.566938 0.788696 0.567054 0.792330 0.567518 0.792871 0.569373 0.795963 0.571635 0.798591 0.568562 0.804544 0.566706 0.805085 0.566938 0.811038 0.569373 0.811193 0.573606 0.812198 0.577549 0.816450 0.580274 0.819001 0.581607 0.821397 0.582535 0.822170 0.585898 0.819465 0.591696 0.814517 0.594247 0.812893 0.596045 0.816063 0.599639 0.816140 0.601843 0.819078 0.603640 0.821784 0.605379 0.821784 0.608626 0.819310 0.610772 0.819928 0.613903 0.822248 0.615468 0.825649 0.618541 0.827814 0.620918 0.826500 0.626079 0.819928 0.626485 0.815831 0.627296 0.813589 0.627470 0.816372 0.629905 0.817068 0.633558 0.817764 0.635877 0.816759 0.637907 0.809956 0.638081 0.807482 0.639356 0.801065 0.637907 0.795886 0.639008 0.790010 0.637733 0.783748 0.637559 0.776945 0.635720 0.772969 0.638371 0.756356 0.639447 0.753043 0.642287 0.748467 0.643116 0.745628 0.640157 0.745470 0.639447 0.728115 0.639566 0.720226 0.641341 0.713442 0.639329 0.704607 0.638856 0.694194 0.642642 0.681415 0.641459 0.645127 0.640157 0.640552 0.638974 0.640236 0.641222 0.627457 0.637436 0.612469 0.636726 0.607420 0.634241 0.595271 0.630573 0.577759 0.627260 0.561351 0.627851 0.540480 0.633903 0.527407 0.635593 0.521547 0.630353 0.515687 0.623591 0.511179 0.609392 0.516363 0.599588 0.502389 0.593164 0.504418 0.584205 0.507573 0.558004 0.506446 0.548368 0.512306 0.544311