9 0.687604 0.281679 0.694287 0.286134 0.687604 0.291982 0.679807 0.299501 0.663842 0.300893 0.654560 0.295880 0.630055 0.301450 0.573249 0.303677 0.500106 0.307019 0.484512 0.305070 0.491195 0.290311 0.499363 0.283907 0.483040 0.238921 0.472644 0.206062 0.457050 0.177659 0.462619 0.168748 0.461134 0.159281 0.483040 0.140902 0.490837 0.147028 0.496777 0.156774 0.502347 0.170976 0.523138 0.168191 0.568064 0.160673 0.616702 0.152598 0.651603 0.147585 0.648261 0.153154 0.642321 0.164571 0.635637 0.174318 0.630439 0.181836 0.636751 0.195202 0.646776 0.219150 0.654573 0.239478 0.655315 0.253958 0.655315 0.262312 0.676479 0.275678
14 0.466123 0.284666 0.458182 0.288790 0.440466 0.290851 0.397084 0.293231 0.362568 0.296668 0.351878 0.293231 0.344547 0.285442 0.338743 0.255432 0.333245 0.224047 0.326220 0.218320 0.315835 0.216487 0.314307 0.211905 0.315529 0.209156 0.329885 0.208927 0.328358 0.200909 0.333856 0.194266 0.340576 0.191288 0.364401 0.189455 0.414189 0.186477 0.433738 0.184415 0.445040 0.183957 0.449927 0.184415 0.451760 0.190600 0.455425 0.208011 0.461839 0.237334 0.467643 0.267345 0.469476 0.279486
2 0.336953 0.356538 0.349992 0.366570 0.348408 0.371058 0.345416 0.381090 0.350520 0.383994 0.347176 0.391122 0.335736 0.396005 0.322255 0.403786 0.314335 0.413686 0.300607 0.416062 0.284943 0.415138 0.261183 0.413158 0.251151 0.416590 0.240943 0.412630 0.234255 0.414082 0.227919 0.404974 0.222111 0.389530 0.214895 0.377782 0.215071 0.374218 0.218767 0.371314 0.231439 0.371182 0.247807 0.368410 0.262943 0.364714 0.281775 0.363394 0.302191 0.360490 0.312751 0.360226 0.316447 0.358246 0.322079 0.357850 0.325951 0.356266
19 0.341917 0.475393 0.372231 0.508574 0.382335 0.526189 0.395444 0.541551 0.389163 0.557322 0.386705 0.566949 0.382062 0.579648 0.353114 0.592961 0.328535 0.604431 0.308053 0.601359 0.298768 0.605046 0.287298 0.606889 0.245787 0.612624 0.207280 0.614058 0.178059 0.609962 0.132452 0.596853 0.103231 0.579033 0.077559 0.549744 0.069913 0.530695 0.068820 0.501815 0.080017 0.477237 0.096403 0.460441 0.125078 0.439959 0.164131 0.426031 0.205642 0.421525 0.230221 0.422754 0.261627 0.427055 0.296856 0.441802 0.319523 0.456754
0 0.373053 0.717311 0.362794 0.716262 0.358131 0.722033 0.351603 0.724306 0.335748 0.720809 0.333649 0.719934 0.327121 0.720109 0.323390 0.718360 0.318727 0.717136 0.314997 0.719934 0.300774 0.713989 0.285386 0.708743 0.280956 0.706819 0.276059 0.707868 0.271862 0.712240 0.260205 0.715912 0.255541 0.713814 0.246448 0.718885 0.242485 0.721508 0.233158 0.720983 0.218236 0.720983 0.205179 0.725355 0.191423 0.719934 0.179065 0.710142 0.164610 0.697201 0.154351 0.684786 0.150853 0.676567 0.150387 0.662228 0.154118 0.649112 0.172537 0.633199 0.178133 0.625330 0.191190 0.615363 0.195620 0.613264 0.205879 0.614838 0.245516 0.613789 0.292380 0.607319 0.315230 0.612390 0.334815 0.619385 0.367457 0.631975 0.379815 0.638445 0.389141 0.645440 0.394270 0.651910 0.392405 0.654533 0.390773 0.661528 0.384944 0.664151 0.382146 0.667124 0.374685 0.676217 0.370022 0.678141 0.370255 0.683736 0.367924 0.692480 0.367924 0.697026 0.374918 0.701398 0.373053 0.705070 0.375618 0.706469 0.378882 0.711715 0.378416 0.715562
3 0.400153 0.724729 0.401295 0.704170 0.404722 0.677042 0.412717 0.675615 0.438988 0.681040 0.493433 0.685323 0.507520 0.689607 0.512089 0.703599 0.505236 0.722160 0.499525 0.734724 0.508662 0.738436 0.504093 0.746717 0.489245 0.758710 0.464497 0.778413 0.434419 0.774130 0.414621 0.771274 0.397868 0.770989 0.384923 0.748716 0.375024 0.737294 0.362841 0.729869 0.359396 0.726280 0.353157 0.724720 0.361060 0.721444 0.367508 0.720040 0.381026 0.721912
12 0.632000 0.646687 0.641000 0.652500 0.653000 0.665625 0.661000 0.681937 0.664500 0.691687 0.666000 0.695812 0.662250 0.700312 0.639250 0.711000 0.604750 0.719250 0.587250 0.720937 0.569000 0.718875 0.549750 0.713062 0.533250 0.703312 0.521000 0.687375 0.518250 0.671437 0.528000 0.654937 0.546000 0.642187 0.566750 0.634687 0.585250 0.633937 0.605750 0.635812 0.619250 0.640125
5 0.663711 0.682322 0.668152 0.695056 0.664756 0.700933 0.666062 0.705046 0.670503 0.710728 0.674943 0.714450 0.683301 0.714646 0.730840 0.714450 0.755393 0.713078 0.818865 0.711119 0.827746 0.707397 0.833231 0.701324 0.834014 0.697210 0.831141 0.679971 0.843679 0.676445 0.845768 0.669784 0.841328 0.661752 0.835320 0.658814 0.830358 0.659793 0.825917 0.640203 0.822260 0.634718 0.815992 0.631584 0.808939 0.629037 0.754087 0.630996 0.697929 0.633347 0.662405 0.633934 0.656137 0.636481 0.654831 0.640595 0.657181 0.651174 0.660055 0.674682
1 0.539772 0.486196 0.537583 0.490939 0.522501 0.492764 0.520555 0.493129 0.520798 0.498419 0.522258 0.509001 0.528096 0.511555 0.541231 0.515751 0.549745 0.520494 0.544880 0.530346 0.533691 0.531076 0.525907 0.532353 0.524690 0.537279 0.527609 0.552421 0.532231 0.552603 0.536853 0.553880 0.537583 0.556982 0.534907 0.556982 0.532961 0.557712 0.532474 0.565921 0.531258 0.571942 0.527853 0.576138 0.535393 0.581064 0.541961 0.591462 0.542934 0.597848 0.545610 0.602409 0.551691 0.604051 0.565800 0.605693 0.580395 0.605875 0.601557 0.603503 0.615423 0.596571 0.633666 0.584895 0.638531 0.577597 0.638045 0.566469 0.629045 0.549684 0.621990 0.545123 0.614206 0.540015 0.619558 0.527609 0.621504 0.518852 0.626612 0.517393 0.620288 0.513379 0.623450 0.497690 0.619801 0.486926 0.618828 0.486561 0.612017 0.478534 0.604233 0.477986 0.597422 0.473061 0.582584 0.468682 0.570665 0.466128 0.567259 0.463939 0.564340 0.463939 0.560691 0.468682 0.557043 0.468135 0.544637 0.471783 0.536123 0.475615 0.532474 0.483277
4 0.741676 0.527580 0.721307 0.535218 0.717019 0.552505 0.718091 0.554515 0.747393 0.571131 0.761330 0.571265 0.778482 0.569523 0.788131 0.556659 0.793670 0.550226 0.802246 0.542722 0.812788 0.533744 0.805641 0.525971 0.788488 0.513107 0.780090 0.512839 0.755076 0.516323 0.745428 0.520343
4 0.664103 0.512890 0.659406 0.512010 0.657057 0.510626 0.653451 0.509871 0.651857 0.511381 0.651773 0.514903 0.648418 0.515910 0.644393 0.514589 0.644728 0.511255 0.639533 0.509655 0.636346 0.507642 0.630978 0.505315 0.622674 0.504623 0.621165 0.513304 0.627203 0.517267 0.621919 0.519405 0.620326 0.528338 0.626197 0.530414 0.631984 0.530602 0.632823 0.531483 0.622003 0.535635 0.616635 0.538466 0.617642 0.541296 0.629468 0.549285 0.639113 0.566395 0.639365 0.577655 0.635507 0.585707 0.624184 0.592815 0.612190 0.599924 0.615126 0.602188 0.620494 0.599987 0.639365 0.602188 0.653540 0.601496 0.669811 0.594954 0.676689 0.585141 0.675514 0.579542 0.667462 0.572497 0.659243 0.563376 0.671740 0.560231 0.689186 0.555827 0.701012 0.549034 0.698747 0.543372 0.696986 0.537459 0.689285 0.530234 0.682007 0.521293 0.678117 0.518093 0.660675 0.521481 0.662306 0.518470 0.662432 0.514799
10 0.802321 0.558749 0.805532 0.561266 0.811662 0.560391 0.811808 0.561266 0.802321 0.567944 0.794148 0.567834 0.792250 0.565426 0.802759 0.562142
10 0.534099 0.527689 0.532790 0.530288 0.544110 0.529652 0.548807 0.520932 0.541415 0.516138 0.529402 0.513655 0.524012 0.513077 0.517851 0.514463 0.516850 0.518044 0.523396 0.520816 0.528555 0.523242 0.531173 0.523992 0.534715 0.527111
10 0.532864 0.483858 0.538441 0.486147 0.536915 0.488524 0.533569 0.489009 0.532043 0.485971
10 0.535697 0.475339 0.532351 0.482251 0.530825 0.471553 0.533290 0.456628 0.536682 0.448386 0.544305 0.433590 0.546098 0.430675 0.547743 0.427200 0.565379 0.427985 0.569116 0.429106 0.567771 0.433029 0.562689 0.437513 0.561297 0.441092 0.569780 0.439465 0.578165 0.439169 0.581716 0.439983 0.581913 0.443830 0.581617 0.446641 0.581420 0.448269 0.586648 0.450118 0.592538 0.445809 0.600429 0.442702 0.602402 0.442184 0.597470 0.438929 0.593820 0.438485 0.593820 0.434638 0.600725 0.435008 0.613450 0.434860 0.620848 0.432640 0.623610 0.432344 0.627851 0.430347 0.634290 0.428556 0.634147 0.425134 0.638221 0.421559 0.644170 0.419963 0.649963 0.421439 0.657396 0.422587 0.677895 0.428084 0.679936 0.425699 0.686646 0.424277 0.690584 0.420995 0.701232 0.422526 0.706046 0.424058 0.711005 0.424167 0.715673 0.429418 0.727197 0.429309 0.725592 0.432372 0.724520 0.434209 0.729188 0.438257 0.731376 0.444274 0.734293 0.446899 0.737211 0.448650 0.737357 0.450072 0.735169 0.452698 0.739107 0.453354 0.740274 0.455433 0.741295 0.457183 0.742608 0.455542 0.745525 0.455433 0.745963 0.458168 0.751360 0.458933 0.759528 0.464294 0.767113 0.464841 0.782284 0.464841 0.790452 0.470420 0.793515 0.473921 0.790306 0.478516 0.792348 0.481142 0.806206 0.483548 0.811062 0.488168 0.803734 0.491113 0.800593 0.495431 0.797453 0.496609 0.800593 0.500142 0.793789 0.507601 0.789601 0.511723 0.786939 0.512612 0.779076 0.512208 0.754659 0.515664 0.744749 0.519784 0.740872 0.527217 0.720836 0.534972 0.717549 0.547908 0.711426 0.548236 0.697806 0.538115 0.697244 0.537178 0.689559 0.529868 0.682374 0.520824 0.678501 0.517779 0.661427 0.521046 0.662577 0.518532 0.664167 0.516362 0.667660 0.514018 0.664442 0.512432 0.659948 0.511726 0.657268 0.510241 0.653561 0.509546 0.651355 0.511336 0.651535 0.514677 0.648565 0.515758 0.644604 0.514475 0.645009 0.510964 0.639518 0.509310 0.631237 0.505023 0.622640 0.504112 0.623720 0.498981 0.623855 0.497293 0.620255 0.486930 0.618946 0.486201 0.612262 0.478168 0.604362 0.477655 0.597981 0.473041 0.583072 0.468426 0.571123 0.466088 0.567541 0.463764 0.564347 0.463857 0.560697 0.468305 0.556923 0.467901 0.544272 0.471572
15 0.810310 0.489839 0.806593 0.490809 0.804977 0.495172 0.810957 0.499657 0.815481 0.501959 0.819522 0.502323 0.821623 0.501232 0.819198 0.497232
15 0.768816 0.464303 0.761020 0.461720 0.766030 0.457962 0.772656 0.459659 0.785423 0.464386 0.787242 0.465180 0.786058 0.466722 0.782321 0.464620
15 0.546603 0.427119 0.541516 0.436656 0.535451 0.445900 0.531539 0.451182 0.525670 0.447074 0.514127 0.442232 0.505519 0.432988 0.505519 0.425945 0.502976 0.419636 0.503954 0.414207 0.499650 0.410539 0.499650 0.409218 0.495346 0.407311 0.491629 0.392638 0.490064 0.380020 0.486738 0.361386 0.484195 0.352729 0.488890 0.345833 0.492803 0.346273 0.495542 0.337616 0.499063 0.332334 0.508063 0.334388 0.509628 0.336883 0.522148 0.336149 0.526844 0.331454 0.530365 0.333068 0.532517 0.334241 0.536234 0.332187 0.539364 0.332627 0.540929 0.333214 0.547776 0.332774 0.553059 0.326172 0.558536 0.324117 0.562253 0.329106 0.559515 0.333801 0.563036 0.335269 0.566949 0.331747 0.571448 0.328079 0.584164 0.326905 0.589642 0.329840 0.592381 0.327052 0.592381 0.322944 0.594729 0.322944 0.600402 0.323677 0.602554 0.326465 0.608814 0.332774 0.611749 0.333801 0.615466 0.330867 0.620552 0.332334 0.628573 0.336442 0.628769 0.330427 0.640116 0.328079 0.651267 0.326465 0.658506 0.326905 0.665744 0.328372 0.662810 0.331160 0.667896 0.333361 0.666527 0.337323 0.670831 0.338937 0.670439 0.341578 0.675721 0.341284 0.684134 0.339083 0.690198 0.341724 0.695872 0.342898 0.697437 0.338496 0.702328 0.337323 0.708001 0.339230 0.717978 0.338790 0.721304 0.342752 0.726586 0.336736 0.736172 0.337323 0.738520 0.339524 0.736564 0.340991 0.745367 0.341431 0.761018 0.343045 0.759649 0.347300 0.752214 0.347447 0.747324 0.347740 0.748889 0.349354 0.743802 0.353169 0.738129 0.352289 0.735194 0.352582 0.732651 0.356397 0.744193 0.358304 0.740868 0.361826 0.749671 0.363146 0.755149 0.366081 0.757497 0.368429 0.754366 0.370923 0.745759 0.369162 0.745367 0.371803 0.741259 0.375765 0.735977 0.375031 0.737737 0.380020 0.740672 0.385009 0.745954 0.383688 0.749084 0.383982 0.749084 0.387796 0.754366 0.389704 0.754758 0.393665 0.757301 0.393225 0.759257 0.397334 0.762387 0.395720 0.766887 0.395573 0.767278 0.399681 0.776082 0.405990 0.774712 0.412446 0.778429 0.412446 0.779408 0.415087 0.775299 0.417288 0.777060 0.427412 0.773930 0.428586 0.770213 0.422570 0.767474 0.421543 0.761018 0.425652 0.755540 0.427706 0.751823 0.437096 0.750258 0.441645 0.734412 0.444726 0.731282 0.439150 0.746150 0.435922 0.743215 0.432841 0.745367 0.429907 0.746737 0.422864 0.735586 0.427559 0.733238 0.425065 0.735586 0.422130 0.744780 0.416701 0.750258 0.416114 0.750454 0.409805 0.753388 0.405550 0.757888 0.406577 0.760822 0.408338 0.762974 0.405550 0.759649 0.403789 0.748497 0.402322 0.737346 0.404817 0.728543 0.405403 0.719739 0.401589 0.717392 0.401148 0.720326 0.407458 0.721500 0.411126 0.718957 0.416114 0.714848 0.418462 0.710349 0.417288 0.707805 0.412593 0.704675 0.406137 0.706240 0.404523 0.701545 0.404376 0.695285 0.402469 0.693720 0.401148 0.688046 0.401148 0.686873 0.405990 0.685699 0.409218 0.690590 0.411273 0.694894 0.409512 0.703893 0.409805 0.708942 0.416875 0.711547 0.420131 0.720353 0.419851 0.727422 0.421154 0.727174 0.423014 0.725774 0.424916 0.719575 0.425656 0.713094 0.425867 0.711545 0.424071 0.710003 0.423764 0.706235 0.423881 0.701384 0.422332 0.690700 0.420822 0.689719 0.421093 0.686519 0.424074 0.679912 0.425390 0.677693 0.427635 0.658854 0.422177 0.657925 0.420280 0.657821 0.416835 0.656634 0.415945 0.654054 0.416990 0.653228 0.420435 0.651515 0.421162 0.644798 0.419388 0.637703 0.420807 0.633824 0.424213 0.633635 0.428044 0.628621 0.427761 0.623229 0.427264 0.618783 0.431308 0.614999 0.433437 0.613864 0.434430 0.603363 0.434501 0.593146 0.434359 0.593146 0.438758 0.597403 0.439467 0.601566 0.441880 0.594092 0.444505 0.586713 0.449613 0.581983 0.447981 0.582267 0.439467 0.578010 0.438332 0.568739 0.438687 0.561833 0.440461 0.563158 0.437906 0.568455 0.433437 0.569874 0.428683 0.565996 0.427477