13 0.207378 0.706734 0.177443 0.704456 0.139698 0.695020 0.103689 0.677449 0.078092 0.653371 0.063341 0.622785 0.066378 0.591222 0.086335 0.559009 0.122778 0.533955 0.167898 0.519638 0.237747 0.518987 0.273756 0.528098 0.299353 0.537859 0.329722 0.560636 0.342304 0.568771 0.347944 0.575279 0.367901 0.583739 0.373541 0.608793 0.377879 0.621158 0.370504 0.642308 0.363996 0.655323 0.343171 0.665085 0.316273 0.681354 0.272889 0.697298 0.236446 0.705758
16 0.222566 0.515159 0.215514 0.507966 0.219463 0.504158 0.214667 0.496753 0.216078 0.490406 0.199999 0.489560 0.188998 0.487021 0.182510 0.489349 0.178560 0.489772 0.184202 0.479828 0.196896 0.477924 0.205641 0.478770 0.200845 0.474962 0.203948 0.472212 0.196614 0.468404 0.185895 0.458249 0.184202 0.446824 0.189844 0.442381 0.196614 0.442170 0.199717 0.440689 0.203102 0.441112 0.203384 0.444497 0.207615 0.444497 0.210718 0.443016 0.211847 0.436881 0.221155 0.438573 0.221155 0.436034 0.216642 0.431803 0.226797 0.432438 0.240901 0.435611 0.249646 0.432861 0.248518 0.440054 0.255852 0.443862 0.261776 0.437092 0.256980 0.432861 0.261212 0.430745 0.267982 0.433707 0.280958 0.436246 0.289420 0.440689 0.308038 0.447247 0.308038 0.452748 0.305217 0.458460 0.301268 0.461422 0.298729 0.463115 0.299575 0.468615 0.303242 0.468827 0.311141 0.472212 0.311987 0.481309 0.321578 0.486387 0.324117 0.494426 0.321578 0.505216 0.316500 0.514313 0.319039 0.518544 0.318475 0.525315 0.309730 0.527219 0.309166 0.532296 0.305217 0.537585 0.300139 0.536739 0.288010 0.530815 0.269110 0.524891 0.249082 0.518968 0.234695 0.516429
16 0.204512 0.511351 0.200281 0.509024 0.194921 0.509236 0.196050 0.511774 0.196896 0.513255 0.205641 0.514313
16 0.159355 0.481201 0.159617 0.484532 0.163274 0.484532 0.165364 0.493153 0.163535 0.495504 0.154653 0.492957 0.154653 0.488843 0.152041 0.481397 0.154653 0.478066
9 0.445770 0.403121 0.430830 0.410678 0.394695 0.409635 0.346748 0.412762 0.328334 0.403121 0.296716 0.403642 0.251201 0.407551 0.200475 0.409635 0.178933 0.405466 0.176849 0.394261 0.181713 0.381753 0.175111 0.348138 0.168857 0.330418 0.164688 0.306184 0.187619 0.297585 0.195263 0.297846 0.245642 0.294719 0.327986 0.290028 0.352655 0.286119 0.373154 0.288725 0.375586 0.278041 0.386009 0.275696 0.395738 0.270224 0.408941 0.269442 0.410678 0.295240 0.410678 0.338496 0.428745 0.342145 0.432108 0.341436 0.432455 0.344677 0.436736 0.346053 0.437965 0.351292 0.437574 0.364498 0.435044 0.377015 0.433568 0.383453 0.443020 0.393226 0.446373 0.396244
2 0.533582 0.331709 0.523419 0.328533 0.511280 0.327687 0.507328 0.334250 0.488978 0.338908 0.485026 0.331709 0.485026 0.322182 0.475114 0.305098 0.477655 0.302557 0.476526 0.283925 0.474832 0.275033 0.467774 0.256189 0.462411 0.242427 0.457047 0.223160 0.455071 0.212150 0.450167 0.210579 0.448706 0.207092 0.445138 0.205417 0.445966 0.200162 0.450618 0.197706 0.453937 0.199706 0.454203 0.201286 0.456098 0.203377 0.462565 0.203795 0.468697 0.202039 0.471930 0.200533 0.473603 0.197774 0.483972 0.197523 0.487238 0.198770 0.492367 0.198770 0.493817 0.196428 0.500618 0.194923 0.517788 0.195174 0.533621 0.195090 0.536520 0.197265 0.546331 0.196847 0.559376 0.197766 0.572867 0.199355 0.577550 0.196428 0.583237 0.196930 0.581007 0.200108 0.588477 0.199272 0.596728 0.198686 0.607877 0.197766 0.617466 0.202031 0.623821 0.204874 0.629061 0.214658 0.636532 0.229292 0.638650 0.241919 0.639765 0.257807 0.642218 0.277291 0.646343 0.288664 0.647793 0.302127 0.645005 0.310071 0.632852 0.317179 0.615124 0.322280 0.584017 0.325625 0.550122 0.330224
10 0.584882 0.562830 0.568096 0.566039 0.566121 0.572951 0.561184 0.574925 0.556247 0.578875 0.548677 0.575172 0.541765 0.571963 0.532220 0.562336 0.537486 0.557646 0.535840 0.555918 0.533459 0.557193 0.528727 0.553527 0.522082 0.551036 0.522535 0.547638 0.531143 0.542767 0.526008 0.536991 0.529331 0.535519 0.536127 0.537444 0.538381 0.532227 0.542609 0.529622 0.540646 0.523619 0.542911 0.519655 0.549707 0.521580 0.553936 0.521127 0.550311 0.516596 0.552275 0.514105 0.555748 0.513312 0.557258 0.515917 0.559977 0.516710 0.560581 0.513199 0.566923 0.509461 0.570095 0.507649 0.561973 0.500352 0.554528 0.488644 0.571580 0.483059 0.579986 0.481438 0.582869 0.477295 0.588425 0.476804 0.606918 0.478785 0.606918 0.482028 0.610280 0.482568 0.618215 0.482568 0.625892 0.482568 0.641023 0.484550 0.661437 0.486711 0.684254 0.484189 0.712114 0.484009 0.715476 0.480407 0.723402 0.480227 0.724363 0.482208 0.729887 0.484730 0.744777 0.483469 0.750061 0.481668 0.744057 0.476984 0.761590 0.474462 0.773358 0.472661 0.778882 0.471760 0.780563 0.469959 0.789690 0.470499 0.806502 0.468338 0.810105 0.467437 0.826196 0.473021 0.825716 0.491935 0.824035 0.509588 0.822594 0.523638 0.819471 0.537688 0.807703 0.537688 0.801698 0.542011 0.789930 0.538408 0.774319 0.540930 0.763271 0.538949 0.754865 0.540930 0.747900 0.540570 0.742376 0.536247 0.724603 0.540030 0.721000 0.545614 0.713795 0.548496 0.695542 0.551558 0.676568 0.551378 0.665280 0.556962 0.626372 0.558943 0.596831 0.560925
4 0.691095 0.646631 0.690263 0.640973 0.688385 0.634149 0.669226 0.634004 0.649099 0.634439 0.633229 0.634584 0.618908 0.638648 0.616586 0.640825 0.617166 0.646341 0.632262 0.649970 0.639229 0.650986 0.664581 0.649970 0.689160 0.648083
4 0.699804 0.646341 0.702513 0.641987 0.700384 0.634439 0.699417 0.631681 0.702707 0.629794 0.714318 0.634149 0.718383 0.634004 0.725543 0.630375 0.727478 0.626891 0.738316 0.625875 0.739284 0.629359 0.748767 0.629939 0.758056 0.627907 0.771603 0.633858 0.771990 0.642277 0.768313 0.644890 0.745090 0.647502 0.723414 0.647938
1 0.642944 0.622546 0.637703 0.624030 0.635428 0.626774 0.631868 0.629815 0.632362 0.633895 0.619208 0.638197 0.616242 0.640200 0.615846 0.644205 0.609022 0.646282 0.602495 0.647691 0.593396 0.649101 0.585781 0.645244 0.582220 0.644131 0.583308 0.645837 0.579945 0.648433 0.572528 0.648433 0.569264 0.652439 0.563330 0.652958 0.550078 0.653032 0.538902 0.650733 0.532177 0.646876 0.526639 0.634711 0.518925 0.624623 0.518035 0.611865 0.517738 0.605190 0.520606 0.600665 0.530694 0.596659 0.546221 0.590429 0.553737 0.591912 0.551462 0.587462 0.555616 0.585830 0.552946 0.582566 0.552847 0.579377 0.556506 0.579525 0.561155 0.575816 0.567286 0.573072 0.578165 0.571292 0.570847 0.569808 0.569264 0.567435 0.575792 0.566322 0.579945 0.568547 0.588055 0.570402 0.594681 0.570698 0.599923 0.569882 0.604472 0.569882 0.606352 0.570847 0.607637 0.571292 0.608626 0.573517 0.612483 0.573072 0.613769 0.574778 0.622077 0.574778 0.633252 0.569660 0.639681 0.565135 0.646109 0.562984 0.654516 0.562465 0.659757 0.565580 0.663416 0.568028 0.665197 0.571143 0.656790 0.576484 0.646010 0.585459 0.640274 0.592654 0.632659 0.597624 0.635922 0.599701 0.635032 0.604077 0.635725 0.605931 0.640373 0.605041 0.643637 0.605190 0.647593 0.599701 0.659362 0.594063 0.667966 0.589984 0.675383 0.589168 0.681713 0.588352 0.685372 0.582715 0.699020 0.574407 0.702482 0.572256 0.699119 0.564097 0.711605 0.557997 0.718450 0.555493 0.720788 0.554491 0.721957 0.551485 0.717115 0.547854 0.721626 0.545991 0.724665 0.540456 0.742465 0.536606 0.747598 0.541015 0.755463 0.541263 0.763411 0.539400 0.773180 0.541636 0.780466 0.544803 0.786592 0.548093 0.795119 0.553744 0.803481 0.559953 0.807290 0.565542 0.810187 0.576532 0.811198 0.591768 0.806389 0.599883 0.797306 0.604090 0.789425 0.601886 0.785685 0.600885 0.784883 0.602788 0.784216 0.606695 0.777804 0.612706 0.773663 0.614209 0.772862 0.618216 0.768855 0.618717 0.773663 0.622323 0.773396 0.624427 0.770457 0.625329 0.769389 0.628635 0.765515 0.628635 0.762710 0.627633 0.757367 0.627232 0.748952 0.629536 0.739869 0.628935 0.738533 0.625529 0.726511 0.626331 0.717688 0.621170 0.714246 0.618140 0.712151 0.610957 0.716042 0.607702 0.717838 0.604784 0.719035 0.599957 0.718736 0.597488 0.705417 0.597937 0.695839 0.596253 0.693445 0.598947 0.699281 0.604335 0.698533 0.608151 0.694941 0.609947 0.707662 0.616681 0.715424 0.620357 0.726705 0.626810 0.725394 0.630273 0.718325 0.633693 0.714506 0.633907 0.702878 0.629504 0.699002 0.631470 0.701909 0.641773 0.699017 0.645993 0.693581 0.643591 0.691057 0.643008 0.688630 0.633835 0.667857 0.633396 0.667178 0.632232 0.662712 0.631576 0.658344 0.630266 0.649510 0.627354 0.645045 0.624951
15 0.553420 0.485486 0.554712 0.490705 0.561372 0.500770 0.565131 0.504145 0.562547 0.505263 0.559167 0.507947 0.554296 0.510929 0.550518 0.512048 0.546045 0.511302 0.543460 0.509960 0.538589 0.509662 0.534215 0.507201 0.526362 0.507351 0.522187 0.504816 0.522485 0.502877 0.526660 0.501908 0.520298 0.496093 0.517316 0.494378 0.508469 0.494751 0.509562 0.488190 0.518907 0.488339 0.524374 0.488935 0.529146 0.489457 0.533420 0.487817 0.534315 0.486102 0.531631 0.485058 0.525666 0.485431 0.523976 0.483493 0.524573 0.479840 0.530140 0.476857 0.524772 0.474024 0.520597 0.471638 0.521193 0.469998 0.519304 0.468283 0.509662 0.469402 0.509662 0.464034 0.516123 0.461424 0.516322 0.456280 0.515229 0.452403 0.511948 0.452552 0.508668 0.455087 0.504890 0.453745 0.504592 0.448452 0.503300 0.435181 0.502306 0.423476 0.505387 0.422432 0.506580 0.415274 0.503697 0.412665 0.503697 0.396188 0.506481 0.395368 0.508270 0.399096 0.511849 0.399245 0.517614 0.394324 0.528748 0.389404 0.541572 0.386943 0.545945 0.389105 0.547536 0.387689 0.559564 0.387838 0.563441 0.390522 0.569803 0.385378 0.578153 0.387689 0.580241 0.387391 0.580340 0.385676 0.585013 0.382992 0.594158 0.382023 0.594755 0.383141 0.597140 0.380159 0.609069 0.373449 0.613244 0.373449 0.613741 0.374642 0.620203 0.374194 0.620004 0.372107 0.627161 0.372181 0.631635 0.373747 0.636704 0.376953 0.636506 0.374940 0.641476 0.372554 0.644955 0.374120 0.656785 0.380979 0.657580 0.376953 0.665334 0.377027 0.668217 0.379562 0.671994 0.378146 0.680046 0.376953 0.685315 0.378444 0.692174 0.377624 0.696051 0.375089 0.698933 0.374567 0.703407 0.376356 0.705991 0.377102 0.709371 0.377400 0.714342 0.377848 0.716330 0.379935 0.718716 0.383365 0.727563 0.382768 0.730346 0.382545 0.734124 0.384558 0.739492 0.384707 0.747146 0.384781 0.751719 0.383887 0.760069 0.381501 0.765338 0.381053 0.771501 0.382321 0.771501 0.384110 0.769016 0.385303 0.773688 0.386049 0.777167 0.388434 0.779951 0.386571 0.785716 0.385900 0.791283 0.385527 0.792873 0.386794 0.795060 0.388733 0.798341 0.388733 0.802814 0.390373 0.807983 0.390000 0.809176 0.391566 0.806890 0.398201 0.805200 0.401780 0.806194 0.404091 0.811661 0.404911 0.814047 0.406477 0.814047 0.410279 0.816334 0.412367 0.818819 0.416467 0.816632 0.418480 0.823193 0.419524 0.822000 0.423848 0.822397 0.429589 0.820708 0.434883 0.816731 0.435926 0.809673 0.434584 0.812854 0.438014 0.807983 0.443158 0.814942 0.445768 0.817825 0.448974 0.818819 0.451807 0.813351 0.452105 0.810270 0.454789 0.810469 0.455534 0.813550 0.457547 0.814843 0.460381 0.812854 0.462692 0.814942 0.464257 0.816632 0.466047 0.814047 0.468358 0.809872 0.466643 0.806095 0.468060 0.789593 0.470147 0.779752 0.469476 0.778360 0.471415 0.743369 0.476559 0.744164 0.477752 0.749134 0.481331 0.744959 0.483120 0.730247 0.484462 0.724978 0.481927 0.723785 0.479467 0.714640 0.479914 0.712055 0.483493 0.684221 0.483567 0.661556 0.486251 0.642868 0.483269 0.634617 0.482002 0.631635 0.480511 0.628652 0.482151 0.610560 0.482300 0.607180 0.481778 0.607180 0.478274 0.588293 0.476112 0.581931 0.476932 0.579645 0.481256 0.570400 0.481853 0.565131 0.480287 0.560061 0.478572 0.555190 0.478572 0.556781 0.483045